16.879070281982422	-5.454015254974365	0.034037377685308456
16.98082733154297	-5.454836845397949	0.033963996917009354
17.082332611083984	-5.454247951507568	0.03411054238677025
17.18557357788086	-5.450207710266113	0.03409012407064438
17.28710174560547	-5.4416608810424805	0.03374721109867096
17.396547317504883	-5.42875862121582	0.03416421264410019
17.497934341430664	-5.413980484008789	0.03415831923484802
17.59817123413086	-5.39579963684082	0.03410270810127258
17.699447631835938	-5.37364387512207	0.034077662974596024
17.805015563964844	-5.349344730377197	0.03396175429224968
17.902488708496094	-5.322973728179932	0.03421270102262497
17.99871826171875	-5.292025089263916	0.03416188433766365
18.09790802001953	-5.253634452819824	0.034092921763658524
18.195358276367188	-5.208327770233154	0.033061880618333817
18.299964904785156	-5.152472019195557	0.03414729982614517
18.401296615600586	-5.094250202178955	0.03423435986042023
18.48699951171875	-5.035909175872803	0.03418387472629547
18.566650390625	-4.974603176116943	0.03409716859459877
18.64691925048828	-4.912417411804199	0.033798471093177795
18.729862213134766	-4.841548919677734	0.03422905504703522
18.805675506591797	-4.766157627105713	0.034179672598838806
18.876930236816406	-4.682594299316406	0.03412086144089699
18.948129653930664	-4.588294982910156	0.033039845526218414
19.009159088134766	-4.500558853149414	0.03412437438964844
19.068805694580078	-4.410096168518066	0.034193992614746094
19.12160301208496	-4.317204475402832	0.03412853926420212
19.169614791870117	-4.211523056030273	0.03344546630978584
19.20745849609375	-4.11209774017334	0.03415922075510025
19.24116325378418	-4.010622501373291	0.034233078360557556
19.275758743286133	-3.881239891052246	0.03417956456542015
19.296653747558594	-3.7773380279541016	0.0341203436255455
19.312889099121094	-3.676325559616089	0.03278623893857002
19.331878662109375	-3.5528621673583984	0.03412764146924019
19.34126091003418	-3.4306528568267822	0.03430181369185448
19.343971252441406	-3.3213720321655273	0.03422311693429947
19.344112396240234	-3.215423345565796	0.03412496671080589
19.344249725341797	-3.1069650650024414	0.03349177539348602
19.344371795654297	-2.998126268386841	0.03416696935892105
19.348068237304688	-2.867034673690796	0.03418826311826706
19.35015869140625	-2.7648751735687256	0.03412657231092453
19.351848602294922	-2.6571691036224365	0.034103766083717346
19.35286521911621	-2.541539192199707	0.03365857154130936
19.353742599487305	-2.441331386566162	0.03412037342786789
19.354761123657227	-2.3258142471313477	0.0329623818397522
19.352893829345703	-2.2248854637145996	0.034033555537462234
19.350027084350586	-2.1040425300598145	0.03426447883248329
19.34746551513672	-1.9992709159851074	0.034223198890686035
19.345489501953125	-1.874014139175415	0.03340836614370346
19.343677520751953	-1.7729508876800537	0.03409912809729576
19.341575622558594	-1.6557929515838623	0.03386988490819931
19.339614868164062	-1.5466591119766235	0.03421398252248764
19.337718963623047	-1.442547082901001	0.03406800329685211
19.334287643432617	-1.3256725072860718	0.03285104036331177
19.329559326171875	-1.2077035903930664	0.034177739173173904
19.319255828857422	-1.102241039276123	0.03422532230615616
19.306060791015625	-1.0017741918563843	0.03417698293924332
19.286338806152344	-0.8989173173904419	0.034124452620744705
19.259241104125977	-0.8000648617744446	0.03408452123403549
19.223377227783203	-0.7063727378845215	0.03405613824725151
19.176586151123047	-0.6100497245788574	0.03270862624049187
19.126840591430664	-0.5093969106674194	0.03406237065792084
19.070764541625977	-0.4028123915195465	0.03418934345245361
19.014022827148438	-0.3082354962825775	0.034165140241384506
18.95123863220215	-0.22184349596500397	0.03410609811544418
18.886272430419922	-0.14440834522247314	0.0340709313750267
18.813098907470703	-0.0699440985918045	0.03405040502548218
18.73906135559082	-0.0013753741513937712	0.03273475542664528
18.642318725585938	0.08443376421928406	0.03410816937685013
18.5552978515625	0.15491816401481628	0.03425227850675583
18.472362518310547	0.21319136023521423	0.03415747731924057
18.381364822387695	0.2679409980773926	0.03410588949918747
18.290128707885742	0.3152548670768738	0.034081775695085526
18.183120727539062	0.36235713958740234	0.03280046954751015
18.06395721435547	0.41372546553611755	0.03389628604054451
17.953012466430664	0.4529855251312256	0.03434477373957634
17.829116821289062	0.4864776134490967	0.034287743270397186
17.727291107177734	0.5065795183181763	0.03416947275400162
17.61815071105957	0.5201168060302734	0.03410333767533302
17.517911911010742	0.5272555351257324	0.03407330811023712
17.41790008544922	0.529299259185791	0.034051015973091125
17.29224967956543	0.5309785604476929	0.03342985361814499
17.1833438873291	0.5324291586875916	0.0341225303709507
17.0695858001709	0.5339440703392029	0.03412272781133652
16.963077545166016	0.5353624820709229	0.034091733396053314
16.86081314086914	0.5356748104095459	0.03336271643638611
16.759746551513672	0.5361019372940063	0.03409210592508316
16.659175872802734	0.5365272760391235	0.03307409957051277
16.538860321044922	0.5370357036590576	0.0341450497508049
16.42481231689453	0.5375175476074219	0.03390854597091675
16.303003311157227	0.5380322933197021	0.03358839824795723
16.18256378173828	0.5385411977767944	0.03426641598343849
16.067522048950195	0.5390272736549377	0.03432617709040642
15.961976051330566	0.5375289916992188	0.034263622015714645
15.857332229614258	0.5356343984603882	0.034183319658041
15.748376846313477	0.5336309671401978	0.03412994369864464
15.641556739807129	0.5316653847694397	0.03409541770815849
15.53681468963623	0.5297378897666931	0.034073516726493835
15.436285018920898	0.527887761592865	0.03406006842851639
15.333166122436523	0.5259900689125061	0.033265434205532074
15.204858779907227	0.5236289501190186	0.03398938849568367
15.104598045349121	0.5217838883399963	0.03420024365186691
15.001398086547852	0.5198848247528076	0.0341721773147583
14.88469123840332	0.5177372097969055	0.03412198647856712
14.782750129699707	0.5158612132072449	0.03409145772457123
14.679512023925781	0.5139556527137756	0.03519672155380249
14.577850341796875	0.5120849013328552	0.03515242785215378
14.462454795837402	0.5099207162857056	0.032843973487615585
14.349845886230469	0.508020281791687	0.033049654215574265
14.246967315673828	0.5210159420967102	0.03356412425637245
14.14640998840332	0.5538333058357239	0.033087246119976044
14.054558753967285	0.604584276676178	0.03380448743700981
13.966718673706055	0.6705646514892578	0.03396651893854141
13.889033317565918	0.748673141002655	0.033569350838661194
13.812644004821777	0.8319591879844666	0.03274974226951599
13.736404418945312	0.9070593118667603	0.032977476716041565
13.660161018371582	0.975353479385376	0.03336061164736748
13.572333335876465	1.0507864952087402	0.03398492559790611
13.49172592163086	1.1145247220993042	0.034195706248283386
13.409311294555664	1.1734994649887085	0.03414789214730263
13.322126388549805	1.2266610860824585	0.03408462554216385
13.228658676147461	1.2714800834655762	0.03406239300966263
13.123523712158203	1.3075265884399414	0.033416468650102615
13.024480819702148	1.3317134380340576	0.0340702086687088
12.90849494934082	1.3487389087677002	0.032779060304164886
12.803364753723145	1.3491153717041016	0.0333745963871479
12.703662872314453	1.3383644819259644	0.03460025414824486
12.588003158569336	1.317265272140503	0.03272778168320656
12.483901977539062	1.2970038652420044	0.03399144113063812
12.384033203125	1.272081971168518	0.033478785306215286
12.287887573242188	1.2396419048309326	0.033288195729255676
12.183514595031738	1.1955294609069824	0.03416521102190018
12.091165542602539	1.1461682319641113	0.03415815159678459
12.0054931640625	1.0913677215576172	0.0341094434261322
11.911581039428711	1.0209622383117676	0.03325047343969345
11.82052230834961	0.9433404207229614	0.034185171127319336
11.750201225280762	0.8685461282730103	0.03415120765566826
11.688194274902344	0.7850083708763123	0.034104444086551666
11.63698959350586	0.6960859298706055	0.03407653421163559
11.587381362915039	0.6009811162948608	0.03344701603055
11.540771484375	0.5019484758377075	0.034240610897541046
11.500046730041504	0.3976588249206543	0.03420250862836838
11.468683242797852	0.2936829626560211	0.034142933785915375
11.450490951538086	0.19243262708187103	0.03409334644675255
11.44410514831543	0.09148234128952026	0.03406967967748642
11.442108154296875	-0.013423621654510498	0.03359147161245346
11.447633743286133	-0.11729860305786133	0.03422544524073601
11.462530136108398	-0.22468161582946777	0.03418970853090286
11.486491203308105	-0.3302288055419922	0.03413335233926773
11.518421173095703	-0.42766159772872925	0.034098584204912186
11.558879852294922	-0.5204533338546753	0.03406199812889099
11.617765426635742	-0.6346820592880249	0.03282396122813225
11.67034912109375	-0.7279788851737976	0.0340888537466526
11.725406646728516	-0.8148165941238403	0.03422703593969345
11.787836074829102	-0.8966649770736694	0.03415693715214729
11.862883567810059	-0.9791648983955383	0.034084636718034744
11.938482284545898	-1.0503817796707153	0.0340699777007103
12.020724296569824	-1.1145217418670654	0.034054018557071686
12.097943305969238	-1.1783273220062256	0.03404216095805168
12.168203353881836	-1.253164291381836	0.03307027742266655
12.222077369689941	-1.3427482843399048	0.035089146345853806
12.258440017700195	-1.4361093044281006	0.0334697850048542
12.275989532470703	-1.539751410484314	0.03358057513833046
12.277697563171387	-1.643564224243164	0.033953338861465454
12.278409957885742	-1.7494096755981445	0.03344839811325073
12.279132843017578	-1.8564733266830444	0.0341450497508049
12.279827117919922	-1.9593852758407593	0.034174878150224686
12.280705451965332	-2.089508056640625	0.033109936863183975
12.281421661376953	-2.195568561553955	0.03412356972694397
12.28219985961914	-2.310887575149536	0.03422828018665314
12.282933235168457	-2.419797420501709	0.03354169800877571
12.283711433410645	-2.535067319869995	0.03412722423672676
12.284446716308594	-2.644056797027588	0.03420335799455643
12.285207748413086	-2.7569522857666016	0.034153155982494354
12.285884857177734	-2.857448101043701	0.033736422657966614
12.286614418029785	-2.9655654430389404	0.03421130031347275
12.287324905395508	-3.071009874343872	0.03422161564230919
12.288139343261719	-3.1917471885681152	0.03415891155600548
12.28882122039795	-3.2930498123168945	0.03411681205034256
12.287479400634766	-3.398253917694092	0.03411167114973068
12.279643058776855	-3.501983404159546	0.034076809883117676
12.266255378723145	-3.602247476577759	0.03405756875872612
12.242119789123535	-3.7001779079437256	0.03405136615037918
12.204558372497559	-3.804208755493164	0.03286205977201462
12.152975082397461	-3.8948841094970703	0.03407885879278183
12.089969635009766	-3.9807558059692383	0.033314600586891174
11.992112159729004	-4.07702112197876	0.03409314900636673
11.911617279052734	-4.142810344696045	0.03392768278717995
11.81948184967041	-4.210341930389404	0.03283598646521568
11.729131698608398	-4.269965171813965	0.03407464548945427
11.643860816955566	-4.326032638549805	0.0341545045375824
11.553945541381836	-4.373830318450928	0.03340264782309532
11.45654296875	-4.402790546417236	0.03340005502104759
11.355202674865723	-4.414748191833496	0.034293949604034424
11.249134063720703	-4.413637161254883	0.034037996083498
11.143346786499023	-4.412434101104736	0.03373435139656067
11.039888381958008	-4.411258220672607	0.03416835516691208
10.930511474609375	-4.410015106201172	0.03416232019662857
10.826925277709961	-4.408838272094727	0.034120477735996246
10.721536636352539	-4.40764045715332	0.03334490954875946
10.60494613647461	-4.406315326690674	0.0341845378279686
10.495819091796875	-4.4050750732421875	0.03425496444106102
10.386672019958496	-4.403835296630859	0.034197863191366196
10.27420711517334	-4.402557373046875	0.03320479765534401
10.173784255981445	-4.401416301727295	0.03398989886045456
10.07030963897705	-4.400240898132324	0.034235015511512756
9.94816780090332	-4.398852348327637	0.03419950231909752
9.8435697555542	-4.39766263961792	0.03414595127105713
9.743513107299805	-4.396524906158447	0.034108132123947144
9.637290000915527	-4.396921157836914	0.03407852351665497
9.536114692687988	-4.397290229797363	0.034004900604486465
9.427528381347656	-4.397724628448486	0.034128326922655106
9.321401596069336	-4.3981475830078125	0.0334370993077755
9.217170715332031	-4.398566722869873	0.034146953374147415
9.1057767868042	-4.399014949798584	0.034206051379442215
8.999119758605957	-4.399445533752441	0.034156475216150284
8.897984504699707	-4.399852275848389	0.03411536291241646
8.789544105529785	-4.400289058685303	0.033926770091056824
8.685701370239258	-4.4007062911987305	0.03415406495332718
8.580060958862305	-4.401131629943848	0.03412672132253647
8.470654487609863	-4.401571750640869	0.03409315273165703
8.367435455322266	-4.401987075805664	0.03407222777605057
8.263081550598145	-4.400887489318848	0.03407661244273186
8.163249015808105	-4.389898300170898	0.034051042050123215
8.060028076171875	-4.3694562911987305	0.03381309285759926
7.958600044250488	-4.343581199645996	0.03416246175765991
7.855440616607666	-4.310171604156494	0.03412869572639465
7.760485649108887	-4.268974304199219	0.03407812863588333
7.672208786010742	-4.217756271362305	0.03405965492129326
7.586639404296875	-4.152399063110352	0.03392626345157623
7.510574817657471	-4.076153755187988	0.03415054455399513
7.439542770385742	-3.996612787246704	0.03413072228431702
7.381339073181152	-3.9138896465301514	0.034089431166648865
7.331523895263672	-3.8221936225891113	0.03406669944524765
7.293951034545898	-3.7286219596862793	0.034052856266498566
7.2649688720703125	-3.612600326538086	0.03426063060760498
7.249508380889893	-3.4990761280059814	0.03305843845009804
7.246520042419434	-3.3948607444763184	0.03309454768896103
7.2482404708862305	-3.2913405895233154	0.03407011181116104
7.248948097229004	-3.188289165496826	0.034100133925676346
7.249447345733643	-3.085408926010132	0.033372148871421814
7.249955177307129	-2.979917049407959	0.034115202724933624
7.248995780944824	-2.871699333190918	0.03411941975355148
7.246877670288086	-2.7710843086242676	0.0340871624648571
7.244723320007324	-2.6656556129455566	0.03374328464269638
7.242444038391113	-2.554260492324829	0.03417506814002991
7.240236282348633	-2.4463653564453125	0.03415977209806442
7.238365173339844	-2.3388214111328125	0.034151770174503326
7.238117694854736	-2.2378768920898438	0.034084759652614594
7.237736701965332	-2.124110698699951	0.03344199061393738
7.237335681915283	-2.010256767272949	0.03414934128522873
7.236924171447754	-1.892740249633789	0.03350019082427025
7.236564636230469	-1.791178822517395	0.03413061797618866
7.233853340148926	-1.681976318359375	0.034160055220127106
7.229934215545654	-1.5817248821258545	0.034037452191114426
7.225954532623291	-1.4793517589569092	0.03404388204216957
7.221901893615723	-1.3749793767929077	0.03308882191777229
7.215421676635742	-1.2678298950195312	0.03415451571345329
7.204732418060303	-1.16233491897583	0.03420061245560646
7.190482139587402	-1.0549813508987427	0.03413226455450058
7.1763811111450195	-0.9544671773910522	0.03310023248195648
7.154285430908203	-0.8225724697113037	0.034226443618535995
7.1307783126831055	-0.7161284685134888	0.03430280089378357
7.1013102531433105	-0.6170138120651245	0.03420974686741829
7.065804481506348	-0.5218218564987183	0.034134410321712494
7.022581100463867	-0.42927059531211853	0.034085243940353394
6.972215175628662	-0.3421670198440552	0.034054920077323914
6.916363716125488	-0.2509152591228485	0.033746764063835144
6.851263999938965	-0.1591235250234604	0.03415966033935547
6.783994674682617	-0.07940486073493958	0.03411652892827988
6.712340831756592	-0.005306214094161987	0.03408223018050194
6.637617111206055	0.06316769123077393	0.0330660380423069
6.5512800216674805	0.13604608178138733	0.03414766117930412
6.4619879722595215	0.20005524158477783	0.03414443880319595
6.37266206741333	0.256280779838562	0.034093134105205536
6.280595779418945	0.30266350507736206	0.03407938778400421
6.165874004364014	0.35199490189552307	0.03273507207632065
6.050093650817871	0.39766526222229004	0.03413589298725128
5.941712856292725	0.4299873411655426	0.0342460498213768
5.832479476928711	0.4515770673751831	0.03418143838644028
5.725811958312988	0.46409136056900024	0.03409632295370102
5.602364540100098	0.47772061824798584	0.033950187265872955
5.502310752868652	0.48362186551094055	0.03418354317545891
5.392506122589111	0.4899444878101349	0.034192584455013275
5.28198766708374	0.49475008249282837	0.03387900069355965
5.165046215057373	0.4999311566352844	0.0341719388961792
5.062340259552002	0.5022790431976318	0.034149378538131714
4.957874774932861	0.5032305121421814	0.03409941494464874
4.847990036010742	0.5041666626930237	0.03407500684261322
4.732565402984619	0.5041735172271729	0.033027343451976776
4.62169075012207	0.5042795538902283	0.03411085531115532
4.5195112228393555	0.5043769478797913	0.034155573695898056
4.40504264831543	0.5044862031936646	0.033392906188964844
4.299746513366699	0.5045866966247559	0.034132715314626694
4.196110248565674	0.5046857595443726	0.034159574657678604
4.0929412841796875	0.5047842264175415	0.03412048891186714
3.9892988204956055	0.5048831701278687	0.03392070531845093
3.884908676147461	0.5049828886985779	0.03390391916036606
3.7734580039978027	0.505089282989502	0.03418863192200661
3.6539812088012695	0.505203366279602	0.034154243767261505
3.540733814239502	0.5053114891052246	0.03411044925451279
3.4277665615081787	0.5054191946983337	0.033033400774002075
3.318279504776001	0.5055236220359802	0.034095942974090576
3.2088193893432617	0.5056279301643372	0.03418537601828575
3.093198299407959	0.5057382583618164	0.0341385118663311
2.9904322624206543	0.5058363080024719	0.03399581462144852
2.882352590560913	0.5059393644332886	0.03417469561100006
2.7774713039398193	0.5060393810272217	0.03414049744606018
2.6744325160980225	0.5061376094818115	0.03410414606332779
2.5646729469299316	0.5062424540519714	0.03407818824052811
2.44767165184021	0.5063539743423462	0.03354594483971596
2.3445069789886475	0.5064525008201599	0.03417865186929703
2.234557628631592	0.5110946297645569	0.033763788640499115
2.120634078979492	0.5211730003356934	0.03267236426472664
2.0022850036621094	0.5477467775344849	0.03394533321261406
1.897423505783081	0.5733965039253235	0.03424028679728508
1.790724277496338	0.6073674559593201	0.03339686244726181
1.6874645948410034	0.6565857529640198	0.032933421432971954
1.6015632152557373	0.7128193974494934	0.03343633562326431
1.5181794166564941	0.7853025197982788	0.03371603414416313
1.4458129405975342	0.8664111495018005	0.03278004005551338
1.3784809112548828	0.9606649279594421	0.032985344529151917
1.3284764289855957	1.0512442588806152	0.03311030566692352
1.291825294494629	1.1553140878677368	0.03282685950398445
1.2638732194900513	1.2612634897232056	0.03322780132293701
1.2375218868255615	1.3706482648849487	0.03277409449219704
1.2259743213653564	1.4769811630249023	0.03390629589557648
1.2245031595230103	1.578752040863037	0.03390892967581749
1.2236958742141724	1.682253360748291	0.03406970947980881
1.2226365804672241	1.7910337448120117	0.03390318155288696
1.2215845584869385	1.8956243991851807	0.03416771814227104
1.2204501628875732	2.008236885070801	0.03292957320809364
1.2192610502243042	2.1266448497772217	0.0340690016746521
1.2182443141937256	2.227857828140259	0.034288935363292694
1.217041254043579	2.347625732421875	0.03331001102924347
1.2157829999923706	2.472897529602051	0.034240514039993286
1.2146720886230469	2.583505153656006	0.0343916192650795
1.2135674953460693	2.6934702396392822	0.03434506058692932
1.212337851524353	2.815892219543457	0.033434923738241196
1.211229681968689	2.926201105117798	0.03418656811118126
1.2101225852966309	3.03639554977417	0.03425801172852516
1.2089474201202393	3.1533713340759277	0.03419589623808861
1.207769751548767	3.270125389099121	0.033454544842243195
1.2113603353500366	3.379945993423462	0.03513992205262184
1.2202296257019043	3.4928274154663086	0.03281095623970032
1.2361867427825928	3.592133045196533	0.03276166319847107
1.2685723304748535	3.702035903930664	0.033854082226753235
1.3171141147613525	3.8118810653686523	0.0334576740860939
1.369304895401001	3.91387939453125	0.03380320966243744
1.4234607219696045	3.9990973472595215	0.03380262106657028
1.4917320013046265	4.084304332733154	0.0329500250518322
1.5794134140014648	4.167813301086426	0.03476338088512421
1.6655620336532593	4.229067802429199	0.03285544738173485
1.7577829360961914	4.276691913604736	0.03272285312414169
1.8783247470855713	4.323817729949951	0.03307078406214714
1.982469081878662	4.351393699645996	0.03345056250691414
2.0825774669647217	4.369205474853516	0.03412654623389244
2.1914408206939697	4.388382911682129	0.03414319455623627
2.290942430496216	4.400876998901367	0.034047942608594894
2.4016358852386475	4.403473377227783	0.033404044806957245
2.5055434703826904	4.405148029327393	0.03412651643157005
2.6097464561462402	4.406827449798584	0.0341445729136467
2.7295451164245605	4.408757209777832	0.033070728182792664
2.845867156982422	4.410632133483887	0.03413621708750725
2.9544272422790527	4.412382125854492	0.03420846164226532
3.0701537132263184	4.41424560546875	0.033119380474090576
3.183546304702759	4.416072368621826	0.03414609655737877
3.295553684234619	4.417878150939941	0.034258611500263214
3.4009881019592285	4.419576168060303	0.034207358956336975
3.511192798614502	4.421351432800293	0.03374762833118439
3.631711959838867	4.423293113708496	0.034198470413684845
3.7380073070526123	4.4250054359436035	0.03417915105819702
3.8406875133514404	4.42665958404541	0.034132808446884155
3.9449121952056885	4.428337574005127	0.03409817814826965
4.050451755523682	4.430037975311279	0.03303079679608345
4.164168357849121	4.430635929107666	0.03412846848368645
4.273874282836914	4.430141925811768	0.034170765429735184
4.383148193359375	4.429577827453613	0.03388755023479462
4.518552303314209	4.428875923156738	0.03404230251908302
4.629601955413818	4.4283013343811035	0.034219805151224136
4.739570617675781	4.427731990814209	0.03417740762233734
4.840590953826904	4.427209854125977	0.03413097560405731
4.945380687713623	4.426668643951416	0.034096769988536835
5.068103790283203	4.426033973693848	0.03383593261241913
5.177663803100586	4.423359394073486	0.034187257289886475
5.280046463012695	4.41799259185791	0.034200459718704224
5.37961483001709	4.404443740844727	0.034125443547964096
5.477898597717285	4.380431652069092	0.034076571464538574
5.573740005493164	4.349265098571777	0.03407130390405655
5.667806625366211	4.3103485107421875	0.034047387540340424
5.766149520874023	4.262103080749512	0.03284323215484619
5.859009265899658	4.199594020843506	0.033727504312992096
5.939547538757324	4.126144886016846	0.03298098221421242
6.004378318786621	4.047824382781982	0.03403981029987335
6.063145160675049	3.9601240158081055	0.033565785735845566
6.1115946769714355	3.8713793754577637	0.033370666205883026
6.155084609985352	3.7698941230773926	0.03354284167289734
6.182056427001953	3.6499807834625244	0.03291992098093033
6.19929313659668	3.5423851013183594	0.03538145124912262
6.208807468414307	3.4291393756866455	0.03323819488286972
6.214528560638428	3.3270325660705566	0.03299226611852646
6.219013214111328	3.2173354625701904	0.03304160386323929
6.217404365539551	3.102757692337036	0.03281818702816963
6.220090866088867	3.0007474422454834	0.03325800970196724
6.22135591506958	2.8890461921691895	0.0340748056769371
6.222552299499512	2.783548355102539	0.03409140929579735
6.22381591796875	2.672053813934326	0.03348252922296524
6.22502326965332	2.565333127975464	0.034157805144786835
6.226158142089844	2.4651975631713867	0.034189123660326004
6.227349281311035	2.3601088523864746	0.03303522989153862
6.228483200073242	2.260014295578003	0.03384709730744362
6.229700088500977	2.1525065898895264	0.034263886511325836
6.230881214141846	2.0482187271118164	0.034276530146598816
6.232016563415527	1.9480037689208984	0.03421582281589508
6.233222961425781	1.841382622718811	0.03303944319486618
6.234516143798828	1.7272688150405884	0.0341266468167305
6.238025665283203	1.623915672302246	0.034226998686790466
6.24241828918457	1.5214788913726807	0.03321002796292305
6.247145652770996	1.4082081317901611	0.033637259155511856
6.2548418045043945	1.297173023223877	0.03431036323308945
6.268938064575195	1.179020643234253	0.03438142314553261
6.287807464599609	1.0755102634429932	0.03428564965724945
6.311561107635498	0.9695070385932922	0.034189626574516296
6.338058948516846	0.8674666881561279	0.03411048650741577
6.367118835449219	0.7716743350028992	0.03309955075383186
6.40107536315918	0.6696164011955261	0.0339791364967823
6.441462993621826	0.5731590390205383	0.034244246780872345
6.485058307647705	0.4762956202030182	0.03423209488391876
6.532179832458496	0.38663536310195923	0.03413507342338562
6.586130619049072	0.2951161861419678	0.03411034494638443
6.6581130027771	0.18602120876312256	0.03376822546124458
6.722968578338623	0.1023421362042427	0.03425941616296768
6.794183254241943	0.02376788668334484	0.034222397953271866
6.871273040771484	-0.050071295350790024	0.03413483127951622
6.947682857513428	-0.11521928757429123	0.033466264605522156
7.031136512756348	-0.1776038408279419	0.03414592146873474
7.118475437164307	-0.23293830454349518	0.03414640575647354
7.213360786437988	-0.2848297953605652	0.03408302366733551
7.3037333488464355	-0.3317890167236328	0.033316656947135925
7.406007289886475	-0.3784894049167633	0.03419727087020874
7.499482154846191	-0.4144143760204315	0.03424890711903572
7.608304977416992	-0.44837233424186707	0.03419077768921852
7.7178053855896	-0.47589853405952454	0.034111615270376205
7.820242881774902	-0.49390411376953125	0.03407977148890495
7.921359062194824	-0.5051162242889404	0.0340578630566597
8.023582458496094	-0.5100419521331787	0.034043170511722565
8.124627113342285	-0.5098955631256104	0.032824449241161346
8.226815223693848	-0.5098353028297424	0.03402576595544815
8.343282699584961	-0.5097656846046448	0.03416595980525017
8.450138092041016	-0.5097017288208008	0.03412778675556183
8.554509162902832	-0.5096393823623657	0.03359362110495567
8.662875175476074	-0.5095745325088501	0.034183651208877563
8.770280838012695	-0.509510338306427	0.034199729561805725
8.874536514282227	-0.5102019309997559	0.034173384308815
8.979207992553711	-0.5122624039649963	0.03410475701093674
9.08984375	-0.5144880414009094	0.03380551561713219
9.206829071044922	-0.5168976187705994	0.03419458866119385
9.316448211669922	-0.5173254013061523	0.03417254611849785
9.42728042602539	-0.5168135762214661	0.034044649451971054
9.535144805908203	-0.5163716673851013	0.03385072201490402
9.644856452941895	-0.5159474611282349	0.03419627994298935
9.759811401367188	-0.5154987573623657	0.03299655765295029
9.884547233581543	-0.5150180459022522	0.0340566448867321
9.992071151733398	-0.514603316783905	0.03430858254432678
10.108438491821289	-0.5141546726226807	0.03318416327238083
10.219971656799316	-0.5137242078781128	0.03388504311442375
10.3418607711792	-0.5132537484169006	0.03434789553284645
10.454787254333496	-0.5128179788589478	0.034366101026535034
10.569640159606934	-0.512374758720398	0.03329068794846535
10.686651229858398	-0.5119231939315796	0.0336073637008667
10.811051368713379	-0.511443018913269	0.03431371971964836
10.936599731445312	-0.5109586119651794	0.03440116345882416
11.038068771362305	-0.510566771030426	0.03343037888407707
11.14596176147461	-0.510152280330658	0.032760340720415115
11.249648094177246	-0.5140877366065979	0.033859461545944214
11.352096557617188	-0.5297760367393494	0.03322022780776024
11.44951343536377	-0.5654030442237854	0.03287752717733383
11.53552532196045	-0.6191140413284302	0.033312879502773285
11.613273620605469	-0.6898640394210815	0.033218227326869965
11.687812805175781	-0.7640137076377869	0.03346642106771469
11.76830768585205	-0.8440860509872437	0.034104038029909134
11.841602325439453	-0.9169945120811462	0.034090232104063034
11.918319702148438	-0.989643394947052	0.03407859429717064
11.996546745300293	-1.0571813583374023	0.03360502049326897
12.075706481933594	-1.1196701526641846	0.03412071242928505
12.159319877624512	-1.1777477264404297	0.03410089761018753
12.25163459777832	-1.232306957244873	0.03333786129951477
12.344865798950195	-1.2836151123046875	0.03418437018990517
12.436492919921875	-1.3265337944030762	0.0341813750565052
12.545578956604004	-1.364135503768921	0.03410281240940094
12.645028114318848	-1.3853614330291748	0.03407576307654381
12.748842239379883	-1.396125316619873	0.03482705354690552
12.851985931396484	-1.3834141492843628	0.03282823786139488
12.95170783996582	-1.3632429838180542	0.03404281288385391
13.049766540527344	-1.3388662338256836	0.034157805144786835
13.150535583496094	-1.3112133741378784	0.03413885086774826
13.246740341186523	-1.2795265913009644	0.034089744091033936
13.341148376464844	-1.241949200630188	0.034068915992975235
13.437329292297363	-1.198378562927246	0.03400292247533798
13.529407501220703	-1.1484885215759277	0.03418058902025223
13.618131637573242	-1.0881116390228271	0.034113168716430664
13.696294784545898	-1.0201573371887207	0.03408166021108627
13.765743255615234	-0.9439060688018799	0.03406207263469696
13.828251838684082	-0.8645622134208679	0.03279407322406769
13.892180442810059	-0.7821638584136963	0.034125544130802155
13.958992958068848	-0.6722734570503235	0.03424813598394394
14.001932144165039	-0.5749168395996094	0.03416287899017334
14.039911270141602	-0.48090359568595886	0.03411189094185829
14.07455062866211	-0.38589638471603394	0.03408690541982651
14.10460090637207	-0.2855805456638336	0.03403058275580406
14.125643730163574	-0.18143729865550995	0.034097202122211456
14.135181427001953	-0.08071057498455048	0.03406423702836037
14.134207725524902	0.0388994961977005	0.033418916165828705
14.12773323059082	0.1435995250940323	0.03416640684008598
14.112396240234375	0.25040215253829956	0.03414512053132057
14.0892972946167	0.3479989469051361	0.03408796340227127
14.055058479309082	0.45367616415023804	0.032859981060028076
14.015972137451172	0.5566141605377197	0.03405424579977989
13.969222068786621	0.6596195101737976	0.03422720730304718
13.913905143737793	0.7572999596595764	0.034158527851104736
13.8489990234375	0.8441652059555054	0.03410658240318298
13.777006149291992	0.9197167754173279	0.03407741338014603
13.699398040771484	0.984955370426178	0.03405274823307991
13.612958908081055	1.055187702178955	0.033574558794498444
13.522786140441895	1.1284055709838867	0.03333408012986183
13.44645881652832	1.2012372016906738	0.03288774937391281
13.385517120361328	1.2854551076889038	0.03283154219388962
13.342568397521973	1.3760921955108643	0.03346514329314232
13.314834594726562	1.4900778532028198	0.03372589871287346
13.306585311889648	1.5897740125656128	0.03293505311012268
13.309589385986328	1.7087817192077637	0.03368557617068291
13.308431625366211	1.8310034275054932	0.034176573157310486
13.307418823242188	1.9378395080566406	0.034157998859882355
13.306197166442871	2.065573215484619	0.03283420577645302
13.305171966552734	2.172184467315674	0.034016408026218414
13.304204940795898	2.2725729942321777	0.034291546791791916
13.303132057189941	2.3841662406921387	0.03427993506193161
13.302072525024414	2.494279384613037	0.03315068408846855
13.301082611083984	2.5972132682800293	0.03410857170820236
13.300045013427734	2.705054521560669	0.03430099040269852
13.298940658569336	2.8200430870056152	0.03425762429833412
13.297926902770996	2.9253883361816406	0.03419008105993271
13.296887397766113	3.0333433151245117	0.03413588926196098
13.295835494995117	3.142570972442627	0.03380318731069565
13.294809341430664	3.249391555786133	0.03420940041542053
13.293596267700195	3.3755111694335938	0.03419347107410431
13.292560577392578	3.4831643104553223	0.03414095193147659
13.29151725769043	3.5915589332580566	0.03410239890217781
13.290513038635254	3.6959664821624756	0.034096769988536835
13.281866073608398	3.7964940071105957	0.034066926687955856
13.263301849365234	3.896652936935425	0.034047454595565796
13.23912525177002	3.996385097503662	0.0332343727350235
13.208619117736816	4.106152534484863	0.03402502089738846
13.16733169555664	4.208949565887451	0.034197837114334106
13.120424270629883	4.305913925170898	0.03412870317697525
13.05901050567627	4.4331135749816895	0.03310388699173927
13.007766723632812	4.528263568878174	0.03422270715236664
12.942838668823242	4.621276378631592	0.03429228067398071
12.8795166015625	4.704550743103027	0.034245457500219345
12.814213752746582	4.786443710327148	0.03418995067477226
12.745767593383789	4.861181259155273	0.03413260355591774
12.667956352233887	4.93391752243042	0.034077130258083344
12.5830717086792	5.00396728515625	0.03326302021741867
12.493995666503906	5.07025671005249	0.03413679078221321
12.401095390319824	5.13230037689209	0.034149765968322754
12.306174278259277	5.188215732574463	0.03406919538974762
12.216266632080078	5.240241050720215	0.03410588577389717
12.111557006835938	5.290216445922852	0.034130264073610306
12.016287803649902	5.331484794616699	0.0341062992811203
11.918904304504395	5.367256164550781	0.0340791717171669
11.818678855895996	5.398578643798828	0.033923398703336716
11.716931343078613	5.421877384185791	0.03410588577389717
11.615293502807617	5.437869071960449	0.03409525752067566
11.513725280761719	5.446473598480225	0.03406604751944542
11.413280487060547	5.447493553161621	0.034051526337862015
11.297707557678223	5.446632385253906	0.033977217972278595
11.185721397399902	5.44584321975708	0.033965807408094406
11.084432601928711	5.44512939453125	0.03415575996041298
10.98115348815918	5.446028232574463	0.034127380698919296
10.87289810180664	5.447459697723389	0.03303702548146248
10.743701934814453	5.4492363929748535	0.03414345532655716
10.640050888061523	5.450672149658203	0.034190692007541656
10.537239074707031	5.452094078063965	0.033467840403318405
10.42866325378418	5.453598499298096	0.034159958362579346
10.321901321411133	5.455077171325684	0.03418375551700592
10.21726131439209	5.456525802612305	0.03364209085702896
10.101576805114746	5.4581298828125	0.03418917953968048
9.98293685913086	5.457594394683838	0.03416404128074646
9.879793167114258	5.457143783569336	0.03336184844374657
9.775521278381348	5.4566802978515625	0.03412872925400734
9.672327041625977	5.456220626831055	0.03416405990719795
9.565071105957031	5.455743312835693	0.03412296250462532
9.439977645874023	5.45518684387207	0.03355397284030914
9.328479766845703	5.454689979553223	0.03417796641588211
9.210674285888672	5.454165458679199	0.03418416529893875
9.068235397338867	5.453531265258789	0.033949438482522964
8.93795394897461	5.452950954437256	0.03425595536828041
8.822799682617188	5.4524383544921875	0.03404422104358673
8.700675010681152	5.451895236968994	0.03420490399003029
8.589131355285645	5.451397895812988	0.03296574950218201
8.482287406921387	5.450922012329102	0.03405527025461197
8.364866256713867	5.450399875640869	0.0343085378408432
8.259774208068848	5.4499311447143555	0.03427525609731674
8.1538724899292	5.449459552764893	0.032984793186187744
8.052250862121582	5.449007511138916	0.033980950713157654
7.929196357727051	5.448459625244141	0.034330181777477264
7.815244197845459	5.4479522705078125	0.033666081726551056
7.712641716003418	5.447495460510254	0.03374142199754715
7.586090087890625	5.446931838989258	0.03431090712547302
7.484912872314453	5.446481704711914	0.034340109676122665
7.3782877922058105	5.446007251739502	0.0342719741165638
7.275262355804443	5.4455485343933105	0.03420047461986542
7.170032024383545	5.4450788497924805	0.034144241362810135
7.051784992218018	5.444552898406982	0.033857762813568115
6.942870616912842	5.444068431854248	0.03422023355960846
6.837714195251465	5.4443678855896	0.03422340005636215
6.736635208129883	5.445644855499268	0.034148748964071274
6.628408432006836	5.444948196411133	0.03410427272319794
6.526698112487793	5.443842887878418	0.03407774120569229
6.421774864196777	5.443097114562988	0.034068189561367035
6.310485363006592	5.442955017089844	0.034017808735370636
6.204504013061523	5.442793369293213	0.034049101173877716
6.101723670959473	5.442630767822266	0.03413376957178116
5.994841575622559	5.442461967468262	0.032967954874038696
5.865636348724365	5.442260265350342	0.034172624349594116
5.7417988777160645	5.442065238952637	0.034300319850444794
5.632248878479004	5.441893100738525	0.03358687087893486
5.501187324523926	5.441688060760498	0.03429209068417549
5.390817165374756	5.441515922546387	0.034337155520915985
5.2758026123046875	5.441336154937744	0.033128492534160614
5.175325870513916	5.441178321838379	0.033846188336610794
5.075311183929443	5.441021919250488	0.03429848700761795
4.925926208496094	5.440788269042969	0.03323531150817871
4.815443992614746	5.440615177154541	0.034151844680309296
4.700268745422363	5.440435409545898	0.034399908035993576
4.584995269775391	5.440253734588623	0.03437514975667
4.470250606536865	5.4400739669799805	0.034285206347703934
4.369242191314697	5.439915657043457	0.03421059995889664
4.264321804046631	5.436666011810303	0.03414811193943024
4.1606831550598145	5.433206558227539	0.034104544669389725
4.049182891845703	5.429466247558594	0.03404194861650467
3.946876049041748	5.4265522956848145	0.03411969542503357
3.845127582550049	5.424717426300049	0.034084901213645935
3.743227005004883	5.423824787139893	0.03406040742993355
3.6432278156280518	5.423215866088867	0.034052155911922455
3.5297398567199707	5.422931671142578	0.03366219997406006
3.4249022006988525	5.422652721405029	0.03417301923036575
3.312736988067627	5.422355651855469	0.03418007493019104
3.211153984069824	5.422085762023926	0.0341351255774498
3.091766357421875	5.421770095825195	0.0329650342464447
2.9734673500061035	5.421457290649414	0.034134428948163986
2.8606691360473633	5.421158313751221	0.03429623693227768
2.7599716186523438	5.420900344848633	0.03430211544036865
2.6513307094573975	5.422816276550293	0.03418048843741417
2.545985698699951	5.42454195022583	0.03412753343582153
2.4148874282836914	5.426697254180908	0.03375933691859245
2.296538829803467	5.42864465713501	0.03424624726176262
2.18045973777771	5.429256916046143	0.03425392881035805
2.07127046585083	5.428833961486816	0.03339368849992752
1.950447916984558	5.428293704986572	0.03383311629295349
1.8481639623641968	5.427833557128906	0.03426070511341095
1.7319068908691406	5.427310943603516	0.03428728133440018
1.6263597011566162	5.430428504943848	0.03422190248966217
1.5208638906478882	5.433571815490723	0.034173715859651566
1.4146808385849	5.435262203216553	0.03343601152300835
1.3074283599853516	5.436910629272461	0.03397689387202263
1.1946090459823608	5.438601493835449	0.034204110503196716
1.0787971019744873	5.440338134765625	0.034163814038038254
0.9763718843460083	5.4418745040893555	0.03293023258447647
0.8537211418151855	5.44371223449707	0.03413086384534836
0.7481956481933594	5.445292949676514	0.03332248702645302
0.6424869298934937	5.446876525878906	0.03392518311738968
0.5170482397079468	5.448755264282227	0.03434634581208229
0.4126424193382263	5.450319290161133	0.03434794768691063
0.290259450674057	5.448549270629883	0.034266889095306396
0.17559689283370972	5.445255279541016	0.03368262201547623
0.072467140853405	5.443397045135498	0.03417731076478958
-0.04297531396150589	5.442867279052734	0.033488526940345764
-0.1550053209066391	5.442513465881348	0.03397049754858017
-0.2732856273651123	5.4421916007995605	0.03422760218381882
-0.3948439359664917	5.441859245300293	0.033192574977874756
-0.5044909715652466	5.441568374633789	0.0341530404984951
-0.6098504066467285	5.441287517547607	0.03433394059538841
-0.7165778279304504	5.44100284576416	0.03366464748978615
-0.8391676545143127	5.440677642822266	0.03427509218454361
-0.9472469687461853	5.440389633178711	0.034301530569791794
-1.0677571296691895	5.440069675445557	0.03422553092241287
-1.1843217611312866	5.439759254455566	0.03378899022936821
-1.2991365194320679	5.439453125	0.03420625627040863
-1.4037761688232422	5.439173698425293	0.03313267230987549
-1.5167014598846436	5.438872337341309	0.034081753343343735
-1.620542287826538	5.438595771789551	0.03428144007921219
-1.7307956218719482	5.438302040100098	0.03356706723570824
-1.8401578664779663	5.4380106925964355	0.03424371778964996
-1.9535763263702393	5.437709331512451	0.03434872254729271
-2.098783254623413	5.437323093414307	0.03351927921175957
-2.224846363067627	5.436987400054932	0.03427409753203392
-2.328458786010742	5.436712265014648	0.03435499221086502
-2.4340131282806396	5.436431884765625	0.033376969397068024
-2.545915365219116	5.436134338378906	0.03421414643526077
-2.647238254547119	5.435864448547363	0.03437507897615433
-2.780160903930664	5.435510635375977	0.03349436819553375
-2.9113082885742188	5.435162544250488	0.03386460244655609
-3.0391976833343506	5.434822082519531	0.03435886278748512
-3.183053970336914	5.4344401359558105	0.03322433680295944
-3.2925617694854736	5.434148788452148	0.03391079977154732
-3.4024853706359863	5.433856964111328	0.03435882553458214
-3.5069572925567627	5.433578014373779	0.034432366490364075
-3.6264607906341553	5.4332594871521	0.03321106731891632
-3.7907400131225586	5.432823181152344	0.034054458141326904
-3.8915677070617676	5.432555198669434	0.03440012410283089
-3.993706703186035	5.432283878326416	0.03329704701900482
-4.1137542724609375	5.431963920593262	0.03392832353711128
-4.221029281616211	5.431678771972656	0.03438859432935715
-4.356480121612549	5.4313178062438965	0.03451292961835861
-4.482290744781494	5.430983543395996	0.034442417323589325
-4.5828704833984375	5.430716037750244	0.03336407616734505
-4.689938545227051	5.430431365966797	0.0335298553109169
-4.79173469543457	5.430160999298096	0.034204110503196716
-4.893032550811768	5.429891586303711	0.034424666315317154
-5.004378318786621	5.429595470428467	0.034418921917676926
-5.129002094268799	5.429263591766357	0.03299122303724289
-5.281957626342773	5.42885684967041	0.03422798216342926
-5.3950653076171875	5.428556442260742	0.03444983437657356
-5.5217108726501465	5.428218841552734	0.03442217782139778
-5.641054153442383	5.427901744842529	0.03432268276810646
-5.776895523071289	5.4275407791137695	0.03287680819630623
-5.887295246124268	5.427247047424316	0.033804453909397125
-5.988211154937744	5.42697811126709	0.03430413454771042
-6.108064651489258	5.426658630371094	0.03441453352570534
-6.221699237823486	5.426355838775635	0.033094003796577454
-6.326943874359131	5.4260759353637695	0.03400834649801254
-6.4492950439453125	5.425750732421875	0.03440453112125397
-6.576433181762695	5.425412178039551	0.034412141889333725
-6.683682918548584	5.425126552581787	0.034329626709222794
-6.7848615646362305	5.424856185913086	0.033044200390577316
-6.897289752960205	5.424557209014893	0.03327611833810806
-7.006178855895996	5.424267768859863	0.03414859250187874
-7.131964683532715	5.423933029174805	0.03375248610973358
-7.306563854217529	5.423468112945557	0.03282371163368225
-7.412720203399658	5.423186302185059	0.03275466710329056
-7.5352606773376465	5.422860145568848	0.03281574696302414
-7.641374111175537	5.422577857971191	0.03286360204219818
-7.811305999755859	5.422124862670898	0.03292033076286316
-7.926510334014893	5.421817779541016	0.03295071795582771
-8.05002212524414	5.4214887619018555	0.03304678201675415
-8.187929153442383	5.421122074127197	0.03340159356594086
-8.382390022277832	5.420604228973389	0.033742330968379974
-8.543944358825684	5.420173645019531	0.03388548642396927
-8.79885482788086	5.419494152069092	0.03398493677377701
-8.91719913482666	5.4191789627075195	0.03400559723377228
-9.131099700927734	5.41860818862915	0.03402448445558548
-9.295694351196289	5.4181694984436035	0.03403105586767197
-9.425216674804688	5.417823791503906	0.034033842384815216
-9.627513885498047	5.417284965515137	0.034036047756671906
-9.789178848266602	5.416853904724121	0.03403686732053757
-9.958160400390625	5.416403293609619	0.03403729572892189
-10.081842422485352	5.416073799133301	0.03403746709227562
-10.208948135375977	5.415734767913818	0.034037571400403976
-10.372908592224121	5.415297985076904	0.034037645906209946
-10.53721809387207	5.414859771728516	0.03403768688440323
-10.703845977783203	5.4144158363342285	0.03403770551085472
-10.874800682067871	5.413959503173828	0.03403770923614502
-11.071374893188477	5.413435459136963	0.034037716686725616
-11.205562591552734	5.413078308105469	0.03428485617041588
-11.344799041748047	5.41270637512207	0.03445514291524887
-11.508310317993164	5.412271499633789	0.0346079021692276
-11.614048957824707	5.411990165710449	0.03465965390205383
-11.761550903320312	5.41159725189209	0.0347011499106884
-11.93834114074707	5.411126136779785	0.03472471609711647
-12.118826866149902	5.410646438598633	0.034734565764665604
-12.278305053710938	5.410222053527832	0.034738022834062576
-12.38029956817627	5.409950256347656	0.03473902493715286
-12.492571830749512	5.409651279449463	0.03473830968141556
-12.593313217163086	5.4093828201293945	0.034723613411188126
-12.697275161743164	5.409106731414795	0.03468093276023865
-12.81075382232666	5.408804893493652	0.03459959477186203
-12.929375648498535	5.408488750457764	0.03448661416769028
-13.031593322753906	5.408216953277588	0.034382738173007965
-13.141542434692383	5.407925128936768	0.034281108528375626
-13.24530029296875	5.407649993896484	0.033857204020023346
-13.350523948669434	5.407370090484619	0.033781129866838455
-13.48415756225586	5.407014846801758	0.034264449030160904
-13.60369873046875	5.406696319580078	0.03314370661973953
-13.724603652954102	5.406374931335449	0.03414498642086983
-13.830615997314453	5.406092643737793	0.034321680665016174
-13.931774139404297	5.405823707580566	0.034286629408597946
-14.040108680725098	5.405534744262695	0.03421299159526825
-14.148896217346191	5.4040374755859375	0.03417790308594704
-14.255640983581543	5.400029182434082	0.03410392999649048
-14.370138168334961	5.39250373840332	0.03286304324865341
-14.486490249633789	5.384772777557373	0.034063611179590225
-14.6049222946167	5.37689208984375	0.03312211111187935
-14.731393814086914	5.366432189941406	0.03427931293845177
-14.85189437866211	5.3455047607421875	0.03440352529287338
-14.956737518310547	5.32177209854126	0.0342538058757782
-15.071453094482422	5.295682430267334	0.03354654461145401
-15.183446884155273	5.270106315612793	0.03412371501326561
-15.28659439086914	5.2458648681640625	0.0342424139380455
-15.398032188415527	5.217173099517822	0.032948702573776245
-15.511815071105957	5.188030242919922	0.034114718437194824
-15.618046760559082	5.153841018676758	0.03429921343922615
-15.714414596557617	5.121967315673828	0.03424685075879097
-15.824347496032715	5.085474014282227	0.034174900501966476
-15.930039405822754	5.0504045486450195	0.0331353098154068
-16.0429744720459	5.011105537414551	0.0342198871076107
-16.150426864624023	4.97048282623291	0.03428059443831444
-16.245805740356445	4.930563449859619	0.034222446382045746
-16.33881378173828	4.889045238494873	0.034182921051979065
-16.428041458129883	4.8429365158081055	0.03410647064447403
-16.53622055053711	4.785890579223633	0.033524055033922195
-16.627124786376953	4.737857818603516	0.03418045490980148
-16.719467163085938	4.684062480926514	0.03424134477972984
-16.81145477294922	4.626509666442871	0.034168533980846405
-16.93983268737793	4.5450334548950195	0.03378221392631531
-17.08976936340332	4.449747562408447	0.033601321280002594
-17.189895629882812	4.386114120483398	0.03440845012664795
-17.28630828857422	4.316603660583496	0.03446708619594574
-17.3660888671875	4.252832412719727	0.03442395478487015
-17.441457748413086	4.18497371673584	0.034302957355976105
-17.527767181396484	4.103348731994629	0.03329446166753769
-17.605010986328125	4.030055046081543	0.033741891384124756
-17.690080642700195	3.949324607849121	0.034270502626895905
-17.769254684448242	3.8696653842926025	0.03430640324950218
-17.840900421142578	3.7940618991851807	0.03426344320178032
-17.926456451416016	3.6982839107513428	0.03301231563091278
-18.002899169921875	3.6128127574920654	0.03397016599774361
-18.071678161621094	3.535904884338379	0.034269239753484726
-18.143291473388672	3.4531259536743164	0.03428579121828079
-18.206390380859375	3.374448776245117	0.03421332687139511
-18.275766372680664	3.2844762802124023	0.03351953253149986
-18.350181579589844	3.187774658203125	0.03355250507593155
-18.4138126373291	3.105090379714966	0.033337391912937164
-18.4863224029541	3.0108683109283447	0.03362754359841347
-18.554855346679688	2.9198784828186035	0.034434784203767776
-18.6148681640625	2.829746961593628	0.03445935249328613
-18.676448822021484	2.725344181060791	0.034384895116090775
-18.731496810913086	2.62744140625	0.034255724400281906
-18.783924102783203	2.5287375450134277	0.034175798296928406
-18.832149505615234	2.436800718307495	0.03317312151193619
-18.88174057006836	2.337576150894165	0.03420718014240265
-18.927684783935547	2.2357027530670166	0.03426998108625412
-18.971908569335938	2.1299259662628174	0.03348172456026077
-19.011384963989258	2.035876750946045	0.033591728657484055
-19.050344467163086	1.9407262802124023	0.03426703065633774
-19.0860538482666	1.8363091945648193	0.034281015396118164
-19.118440628051758	1.7388455867767334	0.0342055968940258
-19.154891967773438	1.6288790702819824	0.03331329673528671
-19.18675994873047	1.5256427526474	0.03420169651508331
-19.214599609375	1.4253571033477783	0.03424473851919174
-19.244802474975586	1.3081400394439697	0.034181807190179825
-19.271793365478516	1.1987626552581787	0.033181339502334595
-19.302021026611328	1.0619888305664062	0.03427094221115112
-19.320764541625977	0.9570737481117249	0.034269221127033234
-19.34088134765625	0.8421534299850464	0.034086067229509354
-19.360794067382812	0.728479266166687	0.03388745337724686
-19.37273597717285	0.6283854842185974	0.03426272049546242
-19.382902145385742	0.528437614440918	0.03430074080824852
-19.390295028686523	0.4186972379684448	0.034169457852840424
-19.399009704589844	0.2905634343624115	0.033776767551898956
-19.402462005615234	0.1785808801651001	0.03424188867211342
-19.403474807739258	0.07331898808479309	0.03420698270201683
-19.402423858642578	-0.028422635048627853	0.03294167295098305
-19.401527404785156	-0.13403651118278503	0.033996328711509705
-19.397293090820312	-0.2402743697166443	0.03432266786694527
-19.388683319091797	-0.34337833523750305	0.03432178497314453
-19.375825881958008	-0.4448700547218323	0.034184325486421585
-19.363182067871094	-0.5449023842811584	0.0328516811132431
-19.34915542602539	-0.6573658585548401	0.033953577280044556
-19.334606170654297	-0.7742332220077515	0.034307923167943954
-19.31975555419922	-0.8852178454399109	0.034315310418605804
-19.30449676513672	-0.9893379211425781	0.03421354293823242
-19.287410736083984	-1.1050968170166016	0.03307412564754486
-19.26665496826172	-1.245637059211731	0.03423694148659706
-19.242687225341797	-1.3715273141860962	0.034376852214336395
-19.213109970092773	-1.4826979637145996	0.03425656631588936
-19.180570602416992	-1.5891090631484985	0.03416066616773605
-19.14662742614746	-1.6998244524002075	0.03348070755600929
-19.1059513092041	-1.810821771621704	0.03424624353647232
-19.063135147094727	-1.912306547164917	0.03427404910326004
-19.022682189941406	-2.0037670135498047	0.03419138863682747
-18.98077964782715	-2.095379114151001	0.03413873538374901
-18.9298095703125	-2.2058963775634766	0.032905422151088715
-18.877344131469727	-2.3159780502319336	0.03421342000365257
-18.82395362854004	-2.409754753112793	0.03425368294119835
-18.76519012451172	-2.512127637863159	0.03355122357606888
-18.711925506591797	-2.6046884059906006	0.03330240398645401
-18.65899085998535	-2.696559429168701	0.034163281321525574
-18.60478973388672	-2.790618896484375	0.03433684632182121
-18.552047729492188	-2.878579616546631	0.034326642751693726
-18.496349334716797	-2.9681813716888428	0.03421492129564285
-18.44167709350586	-3.0557990074157715	0.033094994723796844
-18.38548469543457	-3.1446781158447266	0.0339541994035244
-18.31568717956543	-3.2390782833099365	0.0342901311814785
-18.243946075439453	-3.3270976543426514	0.03425431251525879
-18.175012588500977	-3.410194158554077	0.03360550105571747
-18.111099243164062	-3.487138509750366	0.03380163386464119
-18.038021087646484	-3.5674424171447754	0.03425610810518265
-17.966346740722656	-3.643460750579834	0.03422433137893677
-17.89497184753418	-3.718872308731079	0.034165870398283005
-17.82176971435547	-3.796189308166504	0.03365166485309601
-17.739110946655273	-3.880284309387207	0.034242305904626846
-17.65174102783203	-3.966353416442871	0.034205954521894455
-17.574045181274414	-4.0361647605896	0.03418508172035217
-17.487472534179688	-4.109312057495117	0.03292546793818474
-17.398061752319336	-4.185213565826416	0.03401714563369751
-17.31041145324707	-4.256507396697998	0.03427358716726303
-17.231616973876953	-4.318877696990967	0.03421821445226669
-17.14830207824707	-4.380418300628662	0.034178588539361954
-17.05752944946289	-4.444587707519531	0.033069316297769547
-16.974773406982422	-4.501181602478027	0.034163691103458405
-16.884511947631836	-4.5564985275268555	0.03422754257917404
-16.78739356994629	-4.613725662231445	0.03340546414256096
-16.69146728515625	-4.670313358306885	0.03374782204627991
-16.60449981689453	-4.721606731414795	0.03429925814270973
-16.50440788269043	-4.773431301116943	0.034269485622644424
-16.4007511138916	-4.826450347900391	0.033597007393836975
-16.2963924407959	-4.8796539306640625	0.03364410996437073
-16.191104888916016	-4.927465915679932	0.03428594768047333
-16.09616470336914	-4.967918395996094	0.03434262052178383
-15.991495132446289	-5.009121894836426	0.034257080405950546
-15.885287284851074	-5.046157360076904	0.03324417024850845
-15.76347541809082	-5.088461875915527	0.034107841551303864
-15.664724349975586	-5.122748851776123	0.03423165902495384
-15.563802719116211	-5.1553144454956055	0.03418735787272453
-15.461807250976562	-5.186884880065918	0.03415071964263916
-15.340801239013672	-5.221988677978516	0.032974645495414734
-15.240253448486328	-5.250095367431641	0.03416822850704193
-15.130438804626465	-5.2758941650390625	0.03424706310033798
-15.021129608154297	-5.299010276794434	0.03419012203812599
-14.919692993164062	-5.319786548614502	0.03375624492764473
-14.810519218444824	-5.3406171798706055	0.034211259335279465
-14.70622444152832	-5.355240345001221	0.034163858741521835
-14.593923568725586	-5.367622375488281	0.03343742713332176
-14.479546546936035	-5.37979793548584	0.03402159363031387
-14.368961334228516	-5.389248847961426	0.034210797399282455
-14.265460968017578	-5.395202159881592	0.03415725752711296
-14.162254333496094	-5.400478839874268	0.03352253511548042
-14.053948402404785	-5.406205654144287	0.034182142466306686
-13.949799537658691	-5.40871000289917	0.034230466932058334
-13.845521926879883	-5.408822059631348	0.03417656943202019
-13.739699363708496	-5.407772064208984	0.03410826623439789
-13.623950004577637	-5.406588077545166	0.0336572490632534
-13.523086547851562	-5.4055352210998535	0.03416720777750015
-13.39930534362793	-5.406233787536621	0.034172214567661285
-13.290700912475586	-5.407097816467285	0.03412265703082085
-13.17404842376709	-5.4080352783203125	0.0341174490749836
-13.065362930297852	-5.408907890319824	0.033344805240631104
-12.951967239379883	-5.409817695617676	0.03402956947684288
-12.830878257751465	-5.410788536071777	0.033643223345279694
-12.730112075805664	-5.41159725189209	0.03373055160045624
-12.619359970092773	-5.4124860763549805	0.0342516228556633
-12.466917037963867	-5.4137091636657715	0.0330856628715992
-12.336115837097168	-5.414759635925293	0.034073784947395325
-12.208963394165039	-5.415780067443848	0.034366972744464874
-12.09162712097168	-5.416723251342773	0.03433035686612129
-11.964585304260254	-5.41774320602417	0.033866431564092636
-11.858383178710938	-5.418596267700195	0.034256331622600555
-11.752317428588867	-5.41944694519043	0.034256819635629654
-11.64388370513916	-5.42031717300415	0.03359600529074669
-11.533438682556152	-5.42120361328125	0.034235358238220215
-11.42149543762207	-5.4221014976501465	0.033165764063596725
-11.313884735107422	-5.422965049743652	0.03359496220946312
-11.14086627960205	-5.424354553222656	0.03440539538860321
-11.01909065246582	-5.4253315925598145	0.033810511231422424
-10.894136428833008	-5.426334857940674	0.03415806218981743
-10.782678604125977	-5.427229404449463	0.03436623513698578
-10.677864074707031	-5.428070545196533	0.03433401882648468
-10.567605018615723	-5.428955554962158	0.03425184264779091
-10.460038185119629	-5.428414821624756	0.03418193385004997
-10.35569953918457	-5.427450656890869	0.033170562237501144
-10.230965614318848	-5.426270484924316	0.03410930931568146
-10.114645004272461	-5.425168991088867	0.03304388001561165
-10.004880905151367	-5.424129962921143	0.033946942538022995
-9.887792587280273	-5.42302131652832	0.034336503595113754
-9.779565811157227	-5.421996593475342	0.034339841455221176
-9.671833992004395	-5.42431116104126	0.034272123128175735
-9.563725471496582	-5.428907871246338	0.034177713096141815
-9.459005355834961	-5.432499885559082	0.03414519503712654
-9.353233337402344	-5.434375762939453	0.03411589190363884
-9.24905014038086	-5.4349141120910645	0.03406614437699318
-9.147546768188477	-5.435210227966309	0.03406130522489548
-9.028909683227539	-5.434971809387207	0.03380533680319786
-8.907881736755371	-5.434730529785156	0.03370078653097153
-8.806079864501953	-5.434528350830078	0.0340510755777359
-8.699584007263184	-5.434319019317627	0.0332631878554821
-8.562520027160645	-5.434048175811768	0.033975277096033096
-8.433761596679688	-5.433794021606445	0.034160442650318146
-8.316181182861328	-5.4335618019104	0.03435070440173149
-8.200750350952148	-5.433333396911621	0.03325182944536209
-8.075727462768555	-5.433085918426514	0.03394781053066254
-7.965508460998535	-5.432867050170898	0.03434856981039047
-7.846381187438965	-5.432631969451904	0.033827606588602066
-7.742765426635742	-5.432427883148193	0.03406023606657982
-7.635739803314209	-5.432216167449951	0.03432876616716385
-7.525226593017578	-5.4319987297058105	0.03431502729654312
-7.413850784301758	-5.431778430938721	0.03423711284995079
-7.302802562713623	-5.4315595626831055	0.03323584049940109
-7.171314239501953	-5.431299209594727	0.03422985598444939
-7.053351879119873	-5.431066036224365	0.03302062675356865
-6.935484886169434	-5.430832862854004	0.03359914571046829
-6.799981117248535	-5.430564880371094	0.03435954079031944
-6.671634197235107	-5.430311679840088	0.03449205309152603
-6.554783344268799	-5.430080413818359	0.03443295136094093
-6.411624908447266	-5.429797172546387	0.032997824251651764
-6.305699348449707	-5.429587364196777	0.03400709852576256
-6.195146560668945	-5.429369926452637	0.03440268337726593
-6.092924118041992	-5.425285339355469	0.03447474539279938
-5.984735488891602	-5.419759273529053	0.034366313368082047
-5.879745006561279	-5.413978099822998	0.03432859107851982
-5.7666826248168945	-5.400228500366211	0.034216634929180145
-5.664066314697266	-5.381654262542725	0.03412388265132904
-5.560259819030762	-5.360696315765381	0.03339099511504173
-5.43480920791626	-5.335398197174072	0.03426313400268555
-5.3377838134765625	-5.310574531555176	0.03425057232379913
-5.237959384918213	-5.284550189971924	0.03417934477329254
-5.136600494384766	-5.255881309509277	0.03357886150479317
-5.036887168884277	-5.227426528930664	0.033539969474077225
-4.929472923278809	-5.196748733520508	0.034209784120321274
-4.832470893859863	-5.169040679931641	0.03425973281264305
-4.726451873779297	-5.13875675201416	0.03420094773173332
-4.628629207611084	-5.108157157897949	0.03418060019612312
-4.524989128112793	-5.0726637840271	0.03305547311902046
-4.41594934463501	-5.035677909851074	0.034122221171855927
-4.3056640625	-4.995637893676758	0.03420544043183327
-4.203382968902588	-4.952855587005615	0.03417304903268814
-4.100066661834717	-4.905612945556641	0.03411810100078583
-4.00786828994751	-4.86160945892334	0.034066684544086456
-3.8731048107147217	-4.797605037689209	0.03321289271116257
-3.779334306716919	-4.75307035446167	0.034123845398426056
-3.671279191970825	-4.701750755310059	0.03428123891353607
-3.577172040939331	-4.654734134674072	0.03427734971046448
-3.4892592430114746	-4.603819847106934	0.03416850417852402
-3.4012067317962646	-4.550481796264648	0.03348046541213989
-3.3010478019714355	-4.489673137664795	0.03401326388120651
-3.199051856994629	-4.423542022705078	0.034208036959171295
-3.115849494934082	-4.36584997177124	0.03415438532829285
-3.0292465686798096	-4.300451755523682	0.03411814942955971
-2.92962646484375	-4.22208309173584	0.033146943897008896
-2.8374671936035156	-4.1433305740356445	0.03419295698404312
-2.7591981887817383	-4.073116302490234	0.03421953320503235
-2.677452325820923	-3.9995298385620117	0.034163910895586014
-2.59645414352417	-3.926596164703369	0.034117717295885086
-2.5202155113220215	-3.857949733734131	0.0340883806347847
-2.4429073333740234	-3.7881617546081543	0.034092146903276443
-2.3686749935150146	-3.7180473804473877	0.034071553498506546
-2.2977752685546875	-3.6447489261627197	0.033432651311159134
-2.227112293243408	-3.5661065578460693	0.034129053354263306
-2.161524534225464	-3.487927198410034	0.03412065654993057
-2.09865140914917	-3.4089648723602295	0.034086037427186966
-2.0355749130249023	-3.328801393508911	0.0328519344329834
-1.9608707427978516	-3.2339158058166504	0.033959049731492996
-1.8934578895568848	-3.1479744911193848	0.03431249409914017
-1.8317934274673462	-3.0590975284576416	0.034248653799295425
-1.77326238155365	-2.9677281379699707	0.0341477207839489
-1.7207978963851929	-2.8782997131347656	0.03410967439413071
-1.6634576320648193	-2.7777810096740723	0.032934606075286865
-1.611640453338623	-2.686755895614624	0.03407278284430504
-1.5630316734313965	-2.5935888290405273	0.03424368053674698
-1.5099186897277832	-2.489607810974121	0.034177836030721664
-1.462963581085205	-2.397531032562256	0.03412933647632599
-1.4150410890579224	-2.3035528659820557	0.03300783038139343
-1.3627755641937256	-2.200474739074707	0.03420380875468254
-1.3188486099243164	-2.102638006210327	0.03426153212785721
-1.277320384979248	-2.0061521530151367	0.034215979278087616
-1.2169365882873535	-1.860992193222046	0.03346910700201988
-1.1768100261688232	-1.764640212059021	0.034163396805524826
-1.128188967704773	-1.64534592628479	0.034274160861968994
-1.0956337451934814	-1.5486876964569092	0.0341750867664814
-1.0661298036575317	-1.4499309062957764	0.034111518412828445
-1.0395976305007935	-1.347324252128601	0.03408048674464226
-1.013408899307251	-1.2382913827896118	0.03366916999220848
-0.9927341341972351	-1.1383930444717407	0.03411426395177841
-0.9769046306610107	-1.0384637117385864	0.0341065376996994
-0.9610814452171326	-0.927286684513092	0.032994773238897324
-0.9433305859565735	-0.8020297288894653	0.034219495952129364
-0.931620180606842	-0.6830175518989563	0.03421542048454285
-0.9221159219741821	-0.5776991844177246	0.033995069563388824
-0.9118328094482422	-0.46168410778045654	0.03389956057071686
-0.9074769020080566	-0.35997486114501953	0.03424553573131561
-0.9042717814445496	-0.24809610843658447	0.03419899195432663
-0.9014047384262085	-0.14205041527748108	0.0341445617377758
-0.8990987539291382	-0.038444869220256805	0.03413846343755722
-0.8998449444770813	0.06370563060045242	0.033472269773483276
-0.9007595777511597	0.17418178915977478	0.03373982757329941
-0.906029462814331	0.274707168340683	0.03422220051288605
-0.9129862785339355	0.3777433931827545	0.034248851239681244
-0.9232081174850464	0.4837595224380493	0.03414648026227951
-0.9339812994003296	0.5976540446281433	0.03290604427456856
-0.9446646571159363	0.7078797817230225	0.034152351319789886
-0.9598866701126099	0.8122673034667969	0.03426773473620415
-0.974570095539093	0.9116265773773193	0.03421656787395477
-0.9911713600158691	1.0145466327667236	0.03415795415639877
-1.0107511281967163	1.1200401782989502	0.034140001982450485
-1.0355453491210938	1.2362436056137085	0.03348885476589203
-1.0641733407974243	1.357988953590393	0.034186672419309616
-1.0915725231170654	1.4556877613067627	0.03415968269109726
-1.1224669218063354	1.552983045578003	0.03411049395799637
-1.1626288890838623	1.6752824783325195	0.03375469148159027
-1.1989939212799072	1.7752132415771484	0.03419099748134613
-1.236861228942871	1.8760709762573242	0.034185245633125305
-1.2778111696243286	1.975960612297058	0.03411334007978439
-1.318497896194458	2.0707247257232666	0.03408166021108627
-1.3652502298355103	2.17474102973938	0.0327528640627861
-1.4095689058303833	2.273082971572876	0.03395794332027435
-1.459108829498291	2.380183458328247	0.0343175008893013
-1.506677269935608	2.471872329711914	0.03421028330922127
-1.5563656091690063	2.5671579837799072	0.03418984264135361
-1.6055704355239868	2.6543283462524414	0.03411773592233658
-1.6580384969711304	2.744842529296875	0.033224426209926605
-1.71343994140625	2.8358490467071533	0.03414332494139671
-1.767808437347412	2.9228672981262207	0.034214362502098083
-1.8255008459091187	3.0089893341064453	0.034124705940485
-1.8832108974456787	3.0925307273864746	0.03408893570303917
-1.946639060974121	3.18434739112854	0.03386526554822922
-2.013270378112793	3.2750518321990967	0.034190140664577484
-2.07676100730896	3.3579792976379395	0.0341881588101387
-2.1468214988708496	3.441610336303711	0.0340995192527771
-2.224287986755371	3.531383514404297	0.03303087502717972
-2.289992094039917	3.607600212097168	0.03407638892531395
-2.3582708835601807	3.6838111877441406	0.034180112183094025
-2.4309239387512207	3.761955738067627	0.03413964807987213
-2.500659465789795	3.834908962249756	0.03409169614315033
-2.5722358226776123	3.905665397644043	0.03407390043139458
-2.6493968963623047	3.973747730255127	0.03405141085386276
-2.7301738262176514	4.043594837188721	0.033982738852500916
-2.814460277557373	4.109053611755371	0.03414466604590416
-2.8951120376586914	4.170292854309082	0.03410808742046356
-2.9758589267730713	4.231532573699951	0.03299693018198013
-3.0877819061279297	4.316425323486328	0.03420450538396835
-3.1720364093780518	4.3803300857543945	0.03427877277135849
-3.2539758682250977	4.438114166259766	0.03422863408923149
-3.3383703231811523	4.49594783782959	0.03418039530515671
-3.427377223968506	4.553490161895752	0.03412104770541191
-3.5159785747528076	4.606426239013672	0.03340281918644905
-3.604559898376465	4.658976078033447	0.03371423855423927
-3.695939302444458	4.713186740875244	0.034202370792627335
-3.7866251468658447	4.762866497039795	0.03421860188245773
-3.878899335861206	4.811159133911133	0.034160979092121124
-3.9791293144226074	4.860376358032227	0.03410317003726959
-4.072482109069824	4.90537166595459	0.033443424850702286
-4.177525043487549	4.955931663513184	0.03419344872236252
-4.269759178161621	4.9998393058776855	0.03430064022541046
-4.37559700012207	5.0469069480896	0.03417370840907097
-4.47445011138916	5.089415550231934	0.0341372936964035
-4.570130825042725	5.125861644744873	0.034109726548194885
-4.6769938468933105	5.161524295806885	0.03369235247373581
-4.790361404418945	5.196986198425293	0.03417553752660751
-4.889256000518799	5.225581169128418	0.03414882719516754
-4.9929728507995605	5.254798889160156	0.032911304384469986
-5.105673313140869	5.286510467529297	0.03413335606455803
-5.205009460449219	5.31083869934082	0.03426975756883621
-5.3176188468933105	5.333934307098389	0.034202344715595245
-5.418684959411621	5.35414981842041	0.034140635281801224
-5.521480560302734	5.373699188232422	0.03411510959267616
-5.622725486755371	5.388567924499512	0.03408551588654518
-5.7226243019104	5.399287223815918	0.034071892499923706
-5.829390525817871	5.40698766708374	0.03327025845646858
-5.9363250732421875	5.41275691986084	0.03409703075885773
-6.037261962890625	5.417139053344727	0.03408125042915344
-6.16518497467041	5.422641754150391	0.03389190137386322
-6.2707109451293945	5.425473213195801	0.03420374542474747
-6.3755645751953125	5.426339149475098	0.03414323180913925
-6.475617408752441	5.427043914794922	0.03344357758760452
-6.587731838226318	5.427831172943115	0.033752601593732834
-6.70218563079834	5.428635597229004	0.03423457220196724
-6.831214427947998	5.42954158782959	0.032907966524362564
-6.960028648376465	5.430446624755859	0.033878423273563385
-7.090895652770996	5.431365013122559	0.034385859966278076
-7.24812126159668	5.432469367980957	0.03308968245983124
-7.368815898895264	5.433317184448242	0.034120507538318634
-7.537552833557129	5.434502124786377	0.0330759733915329
-7.697256088256836	5.435624122619629	0.0336461178958416
-7.845026016235352	5.436661720275879	0.03434782847762108
-7.958578109741211	5.4374589920043945	0.03457336500287056
-8.113280296325684	5.438546180725098	0.03401364013552666
-8.254926681518555	5.439540386199951	0.03327200189232826
-8.39697265625	5.440537929534912	0.03421458601951599
-8.522552490234375	5.44141960144043	0.0345393568277359
-8.638261795043945	5.442232131958008	0.034618545323610306
-8.780529975891113	5.443231105804443	0.033352188766002655
-8.920598030090332	5.444214820861816	0.0336250439286232
-9.058539390563965	5.445183277130127	0.03434036672115326
-9.17298698425293	5.445987224578857	0.03456296771764755
-9.27404499053955	5.446239948272705	0.03471527621150017
-9.386021614074707	5.439547538757324	0.03456570580601692
-9.50478744506836	5.431422233581543	0.034415677189826965
-9.616961479187012	5.42354679107666	0.03430262953042984
-9.725016593933105	5.415952682495117	0.0342169851064682
-9.831774711608887	5.411468982696533	0.034152090549468994
-9.939781188964844	5.408325672149658	0.034109845757484436
-10.04367733001709	5.40606689453125	0.03286562114953995
-10.146180152893066	5.403938293457031	0.03400068357586861
-10.253917694091797	5.40354061126709	0.03425935283303261
-10.365530967712402	5.404872417449951	0.034193962812423706
-10.46951675415039	5.406201362609863	0.03414057195186615
-10.574800491333008	5.4075798988342285	0.03369850665330887
-10.696344375610352	5.409134864807129	0.03350319713354111
-10.81773853302002	5.410691261291504	0.03373086452484131
-10.925374031066895	5.412071704864502	0.03426026552915573
-11.042043685913086	5.410921096801758	0.03430454805493355
-11.154052734375	5.409414291381836	0.03422245755791664
-11.275402069091797	5.407748222351074	0.03350958600640297
-11.376428604125977	5.406364440917969	0.03419330716133118
-11.483528137207031	5.406519889831543	0.03434059023857117
-11.599864959716797	5.407929420471191	0.03425385430455208
-11.719228744506836	5.409497261047363	0.03297722339630127
-11.842101097106934	5.411108493804932	0.0341191440820694
-11.952164649963379	5.4125518798828125	0.03431972488760948
-12.060945510864258	5.4139790534973145	0.033527474850416183
-12.173213958740234	5.415451526641846	0.03391585126519203
-12.293855667114258	5.41703462600708	0.03431890904903412
-12.396660804748535	5.418383598327637	0.03431691601872444
-12.521087646484375	5.420016288757324	0.032891664654016495
-12.638076782226562	5.421550750732422	0.03384498879313469
-12.748041152954102	5.422992706298828	0.03434188291430473
-12.872188568115234	5.42462158203125	0.0335216298699379
-12.990743637084961	5.426177024841309	0.033437881618738174
-13.106422424316406	5.427693843841553	0.03423469513654709
-13.233951568603516	5.429366588592529	0.03448912873864174
-13.342082023620605	5.430785655975342	0.03447713702917099
-13.444845199584961	5.430385112762451	0.03441710025072098
-13.546319961547852	5.428969860076904	0.03429639711976051
-13.685896873474121	5.426850318908691	0.03305593878030777
-13.805639266967773	5.425030708312988	0.03399702534079552
-13.917184829711914	5.422822952270508	0.03439190611243248
-14.040966033935547	5.412097454071045	0.034280743449926376
-14.158736228942871	5.401215076446533	0.03348488360643387
-14.277883529663086	5.390134811401367	0.03422876447439194
-14.384843826293945	5.380185127258301	0.03356463462114334
-14.498059272766113	5.369650840759277	0.03424900025129318
-14.61790657043457	5.357059001922607	0.03434543311595917
-14.7288818359375	5.342892646789551	0.03423106297850609
-14.828880310058594	5.328675270080566	0.03419768437743187
-14.929256439208984	5.31025505065918	0.03412241116166115
-15.031288146972656	5.290152549743652	0.03380845859646797
-15.128719329833984	5.266132354736328	0.03418499231338501
-15.22728157043457	5.241726398468018	0.034175291657447815
-15.34647274017334	5.212154865264893	0.03344828262925148
-15.455385208129883	5.185141563415527	0.0342022068798542
-15.552413940429688	5.159761428833008	0.034326937049627304
-15.657975196838379	5.129608154296875	0.03427879884839058
-15.758594512939453	5.096826076507568	0.033717215061187744
-15.858366012573242	5.064525604248047	0.03351669758558273
-15.962224006652832	5.03091287612915	0.03421100974082947
-16.070987701416016	4.98768949508667	0.03428851440548897
-16.16236114501953	4.946306228637695	0.03421209752559662
-16.26087760925293	4.900465965270996	0.03308998420834541
-16.355504989624023	4.856265068054199	0.03384573385119438
-16.454017639160156	4.808681964874268	0.03428739309310913
-16.54768943786621	4.761972904205322	0.034261103719472885
-16.6446533203125	4.706653594970703	0.03420819342136383
-16.759254455566406	4.636359214782715	0.03290807083249092
-16.85051918029785	4.580552101135254	0.034022256731987
-16.95025062561035	4.517897605895996	0.03427030146121979
-17.044864654541016	4.458237648010254	0.03422221168875694
-17.13411521911621	4.39705228805542	0.034169428050518036
-17.233821868896484	4.323973655700684	0.03289804607629776
-17.33468246459961	4.250449180603027	0.0341109074652195
-17.41423225402832	4.1878132820129395	0.03427371382713318
-17.493444442749023	4.121857166290283	0.03423263877630234
-17.56930160522461	4.0541815757751465	0.03415417671203613
-17.645627975463867	3.9842586517333984	0.03409970551729202
-17.719362258911133	3.9137487411499023	0.034073665738105774
-17.81561279296875	3.8219799995422363	0.03385628014802933
-17.893190383911133	3.7459256649017334	0.03426049277186394
-17.963411331176758	3.6731157302856445	0.034198079258203506
-18.03349494934082	3.5950374603271484	0.03417050093412399
-18.099838256835938	3.518526315689087	0.033869192004203796
-18.180072784423828	3.4262447357177734	0.03375023603439331
-18.256488800048828	3.336052894592285	0.0342872217297554
-18.3238468170166	3.2507071495056152	0.034267574548721313
-18.385087966918945	3.164891242980957	0.034178800880908966
-18.457775115966797	3.057271957397461	0.03284026309847832
-18.514680862426758	2.9730288982391357	0.033848121762275696
-18.572172164916992	2.8875834941864014	0.03432614728808403
-18.624298095703125	2.7970809936523438	0.03427737578749657
-18.673254013061523	2.7096941471099854	0.0342399924993515
-18.726133346557617	2.6112325191497803	0.0341339148581028
-18.7913875579834	2.490070104598999	0.033041149377822876
-18.852041244506836	2.3774914741516113	0.03418054059147835
-18.901344299316406	2.2811193466186523	0.034327104687690735
-18.945873260498047	2.1885533332824707	0.03422936797142029
-18.992286682128906	2.0890233516693115	0.03416398912668228
-19.033767700195312	1.9944132566452026	0.034118883311748505
-19.06906509399414	1.900618076324463	0.03408341109752655
-19.10555648803711	1.790966510772705	0.0328681543469429
-19.13798713684082	1.6934093236923218	0.033957164734601974
-19.171630859375	1.5917421579360962	0.03426272049546242
-19.20001983642578	1.4954742193222046	0.034189388155937195
-19.23416519165039	1.3756581544876099	0.033078212291002274
-19.266061782836914	1.2637732028961182	0.034103285521268845
-19.29462432861328	1.1503851413726807	0.03421957418322563
-19.316131591796875	1.0392976999282837	0.034188177436590195
-19.331512451171875	0.9395682215690613	0.03338276594877243
-19.350488662719727	0.8133701086044312	0.03399794548749924
-19.361557006835938	0.7052719593048096	0.034245558083057404
-19.371719360351562	0.6048486828804016	0.034216996282339096
-19.38471221923828	0.4760565757751465	0.03345689922571182
-19.396854400634766	0.355715274810791	0.03428591787815094
-19.40386962890625	0.24429142475128174	0.034314632415771484
-19.408599853515625	0.14042003452777863	0.03425847366452217
-19.40975570678711	0.030228368937969208	0.03417172655463219
-19.40884780883789	-0.07872940599918365	0.032901450991630554
-19.408056259155273	-0.18432946503162384	0.03400018811225891
-19.407197952270508	-0.29737624526023865	0.03426414355635643
-19.404544830322266	-0.4011199474334717	0.0342680886387825
-19.3970890045166	-0.5064800977706909	0.03418648988008499
-19.385047912597656	-0.6085519194602966	0.034138377755880356
-19.366966247558594	-0.7163667678833008	0.03362428396940231
-19.34731101989746	-0.821755051612854	0.034141138195991516
-19.32233428955078	-0.9433254599571228	0.03307325765490532
-19.298629760742188	-1.0588574409484863	0.03415195271372795
-19.277658462524414	-1.161041021347046	0.034326326102018356
-19.249910354614258	-1.2685176134109497	0.03426042199134827
-19.22071075439453	-1.3647072315216064	0.03353121876716614
-19.180274963378906	-1.4974148273468018	0.033720463514328
-19.14923095703125	-1.5989716053009033	0.034252531826496124
-19.116350173950195	-1.7065045833587646	0.034300368279218674
-19.081918716430664	-1.8127484321594238	0.03427804261445999
-19.04095458984375	-1.9177720546722412	0.03416505083441734
-18.997102737426758	-2.0231919288635254	0.03337191790342331
-18.956666946411133	-2.120364189147949	0.034143343567848206
-18.91080093383789	-2.224867820739746	0.03421850502490997
-18.860736846923828	-2.3269996643066406	0.03413922339677811
-18.80856704711914	-2.4317588806152344	0.03349998965859413
-18.758935928344727	-2.53141188621521	0.03420158475637436
-18.70649528503418	-2.630924940109253	0.03426999971270561
-18.651750564575195	-2.7280142307281494	0.034201640635728836
-18.59827995300293	-2.819350004196167	0.033036764711141586
-18.54730224609375	-2.9063284397125244	0.03384654223918915
-18.491500854492188	-2.997103452682495	0.034331053495407104
-18.429616928100586	-3.0881075859069824	0.034309860318899155
-18.36507797241211	-3.177830219268799	0.034171536564826965
-18.299524307250977	-3.26904296875	0.03329908847808838
-18.23700714111328	-3.353604793548584	0.03425201028585434
-18.163196563720703	-3.4408953189849854	0.03428312763571739
-18.080421447753906	-3.5381033420562744	0.03420265018939972
-17.996501922607422	-3.636561870574951	0.03312842920422554
-17.923198699951172	-3.719702959060669	0.034243907779455185
-17.852825164794922	-3.7912702560424805	0.034298066049814224
-17.777273178100586	-3.863896608352661	0.034253865480422974
-17.697307586669922	-3.9365081787109375	0.034170735627412796
-17.61794090270996	-4.004816055297852	0.03411305695772171
-17.532085418701172	-4.075278282165527	0.033245548605918884
-17.450843811035156	-4.141666889190674	0.034178074449300766
-17.364856719970703	-4.206620216369629	0.03417482227087021
-17.279115676879883	-4.2688093185424805	0.03412698209285736
-17.18401336669922	-4.336780071258545	0.03383499011397362
-17.0978946685791	-4.3982110023498535	0.034253645688295364
-17.00745391845703	-4.457632064819336	0.03418188542127609
-16.91741180419922	-4.515104293823242	0.0341460257768631
-16.827199935913086	-4.570428848266602	0.03322351723909378
-16.73951530456543	-4.624256134033203	0.034121036529541016
-16.63753890991211	-4.682827949523926	0.03419879823923111
-16.548322677612305	-4.730596542358398	0.03415495902299881
-16.454669952392578	-4.778381824493408	0.03289500251412392
-16.350812911987305	-4.831175327301025	0.03408067300915718
-16.25613784790039	-4.879246234893799	0.03431369736790657
-16.16179656982422	-4.923391342163086	0.03421585261821747
-16.063430786132812	-4.968890190124512	0.034191932529211044
-15.966888427734375	-5.008965015411377	0.03410685434937477
-15.858071327209473	-5.052917003631592	0.034034982323646545
-15.755054473876953	-5.0902485847473145	0.034178752452135086
-15.659515380859375	-5.122085094451904	0.0341176874935627
-15.559869766235352	-5.154061794281006	0.03407248482108116
-15.463811874389648	-5.184846878051758	0.03405921906232834
-15.360443115234375	-5.216543197631836	0.03283720463514328
-15.25354290008545	-5.2479634284973145	0.034112364053726196
-15.146183013916016	-5.269686222076416	0.0342145636677742
-15.045551300048828	-5.287569522857666	0.03414333611726761
-14.942885398864746	-5.305623531341553	0.033523306250572205
-14.824604034423828	-5.326433181762695	0.034153759479522705
-14.711418151855469	-5.342484474182129	0.03413623943924904
-14.564802169799805	-5.362534999847412	0.033590931445360184
-14.46274471282959	-5.376429080963135	0.0341702438890934
-14.342742919921875	-5.390460968017578	0.034182749688625336
-14.240789413452148	-5.399716854095459	0.03413762152194977
-14.134264945983887	-5.403720855712891	0.03411097079515457
-14.031661987304688	-5.402336597442627	0.03406579792499542
-13.92086410522461	-5.399655342102051	0.03403708338737488
-13.81258773803711	-5.3969407081604	0.03410860896110535
-13.71020221710205	-5.395258903503418	0.03408531844615936
-13.608255386352539	-5.39411735534668	0.03287695348262787
-13.481423377990723	-5.3927531242370605	0.03407181426882744
-13.37871265411377	-5.391978740692139	0.03424501046538353
-13.276702880859375	-5.391909599304199	0.03422404080629349
-13.170769691467285	-5.394455909729004	0.03412669524550438
-13.063699722290039	-5.395862579345703	0.03383698686957359
-12.957406997680664	-5.397071838378906	0.03392205387353897
-12.854750633239746	-5.398221969604492	0.034185733646154404
-12.745168685913086	-5.399100303649902	0.03420466184616089
-12.638545989990234	-5.39788293838501	0.03411167114973068
-12.481857299804688	-5.3962907791137695	0.033596813678741455
-12.37948226928711	-5.396426200866699	0.034221794456243515
-12.279057502746582	-5.397770881652832	0.0342363566160202
-12.170717239379883	-5.398194313049316	0.03419287130236626
-12.065239906311035	-5.397271633148193	0.03412247449159622
-11.948823928833008	-5.39620304107666	0.03388626128435135
-11.80566692352295	-5.394798278808594	0.03421252593398094
-11.699491500854492	-5.393754959106445	0.03416963666677475
-11.595647811889648	-5.39388370513916	0.03412299230694771
-11.460779190063477	-5.394387245178223	0.03342582657933235
-11.352922439575195	-5.3947954177856445	0.03417258337140083
-11.245952606201172	-5.395199775695801	0.03424966707825661
-11.143707275390625	-5.395586013793945	0.034044306725263596
-11.033382415771484	-5.396003246307373	0.03411341831088066
-10.909920692443848	-5.396470069885254	0.03386451676487923
-10.808281898498535	-5.396854877471924	0.03305022418498993
-10.69902229309082	-5.3972673416137695	0.03356382995843887
-10.592426300048828	-5.397670745849609	0.03426218777894974
-10.489233016967773	-5.3980607986450195	0.034450918436050415
-10.370828628540039	-5.398508071899414	0.03336651250720024
-10.214250564575195	-5.399099349975586	0.03365748003125191
-10.106504440307617	-5.39950704574585	0.03428966552019119
-10.002406120300293	-5.399900436401367	0.03427281603217125
-9.870851516723633	-5.400397300720215	0.033120714128017426
-9.735803604125977	-5.40090799331665	0.034100282937288284
-9.612589836120605	-5.401374340057373	0.034491464495658875
-9.482111930847168	-5.401867389678955	0.03321031108498573
-9.375348091125488	-5.402271270751953	0.033470671623945236
-9.229879379272461	-5.402820587158203	0.03428176790475845
-9.074655532836914	-5.403407573699951	0.03342742100358009
-8.868783950805664	-5.404185771942139	0.033846400678157806
-8.751644134521484	-5.404628753662109	0.034315384924411774
-8.61309814453125	-5.405151844024658	0.03366532176733017
-8.46456527709961	-5.40571403503418	0.03322720527648926
-8.363414764404297	-5.4060959815979	0.033109989017248154
-8.254728317260742	-5.4065070152282715	0.03305067867040634
-8.147059440612793	-5.406913757324219	0.03366972878575325
-8.038811683654785	-5.407322883605957	0.03410365432500839
-7.880349159240723	-5.40792179107666	0.034461624920368195
-7.755268096923828	-5.4083943367004395	0.03401362523436546
-7.587861061096191	-5.409027576446533	0.03378942236304283
-7.480112552642822	-5.409435272216797	0.03422900661826134
-7.352529525756836	-5.409916877746582	0.0344744473695755
-7.236442565917969	-5.410356521606445	0.03460425138473511
-7.125454425811768	-5.410775661468506	0.03467120602726936
-7.02083683013916	-5.411170959472656	0.03470500186085701
-6.879830837249756	-5.411704063415527	0.034726906567811966
-6.7729644775390625	-5.412108421325684	0.034725748002529144
-6.6132330894470215	-5.412712097167969	0.03466751426458359
-6.5109968185424805	-5.4130988121032715	0.0345911867916584
-6.404661178588867	-5.4135003089904785	0.03448965772986412
-6.29918098449707	-5.413061141967773	0.03446109592914581
-6.1790666580200195	-5.40898323059082	0.03426326811313629
-6.066291809082031	-5.4062676429748535	0.03418412804603577
-5.962137222290039	-5.40457820892334	0.03416077047586441
-5.844513416290283	-5.404765605926514	0.03327189385890961
-5.736294269561768	-5.404820919036865	0.033588215708732605
-5.624850749969482	-5.404886245727539	0.034219373017549515
-5.505805492401123	-5.404956817626953	0.03294333070516586
-5.4005584716796875	-5.4050140380859375	0.03400629758834839
-5.280309677124023	-5.405078887939453	0.03428088501095772
-5.171737194061279	-5.405137538909912	0.03306574746966362
-5.049249172210693	-5.405202865600586	0.03397360444068909
-4.909281253814697	-5.405277729034424	0.034460678696632385
-4.805747985839844	-5.405332565307617	0.034197140485048294
-4.6816630363464355	-5.405398845672607	0.034460537135601044
-4.5780439376831055	-5.405453681945801	0.034448448568582535
-4.4513044357299805	-5.405521392822266	0.034347280859947205
-4.321601867675781	-5.405590534210205	0.032951995730400085
-4.189586162567139	-5.406270503997803	0.03426555544137955
-4.085681915283203	-5.411730766296387	0.034409016370773315
-3.9743213653564453	-5.417867660522461	0.03436528518795967
-3.855935573577881	-5.422284126281738	0.03428363427519798
-3.7553391456604004	-5.424746036529541	0.034188948571681976
-3.622857093811035	-5.427818775177002	0.03330080211162567
-3.520444869995117	-5.430314064025879	0.0329412966966629
-3.3490066528320312	-5.434552192687988	0.034104518592357635
-3.243863105773926	-5.437147617340088	0.033880967646837234
-3.141695499420166	-5.439664840698242	0.03318088501691818
-2.9917585849761963	-5.443356037139893	0.03425527736544609
-2.886613607406616	-5.443356037139893	0.03459370136260986
-2.7415287494659424	-5.438604831695557	0.03453825041651726
-2.6308889389038086	-5.434390068054199	0.034436941146850586
-2.523621082305908	-5.433155059814453	0.03434494510293007
-2.4133622646331787	-5.4330363273620605	0.03422771766781807
-2.292309284210205	-5.43295955657959	0.033475447446107864
-2.1639726161956787	-5.433049201965332	0.034256163984537125
-2.053786277770996	-5.433110237121582	0.0332314595580101
-1.9206957817077637	-5.433207988739014	0.03283146023750305
-1.7305554151535034	-5.433356761932373	0.032967016100883484
-1.5825936794281006	-5.433470726013184	0.03398556262254715
-1.4419217109680176	-5.433579444885254	0.03447141498327255
-1.3221206665039062	-5.433671951293945	0.03347954899072647
-1.1884816884994507	-5.433775901794434	0.03331388905644417
-1.0797221660614014	-5.433859825134277	0.034029729664325714
-0.9739980697631836	-5.4339423179626465	0.034389376640319824
-0.8309887647628784	-5.434052467346191	0.03378631919622421
-0.7148451805114746	-5.434142112731934	0.033265627920627594
-0.5982722043991089	-5.434232234954834	0.033749956637620926
-0.48468947410583496	-5.434320449829102	0.0342516154050827
-0.3784862756729126	-5.434401988983154	0.03448951989412308
-0.27131175994873047	-5.43448543548584	0.03366325795650482
-0.08548137545585632	-5.434628963470459	0.03361896052956581
0.03586336225271225	-5.434722900390625	0.034154463559389114
0.1514948010444641	-5.434811592102051	0.03445279970765114
0.2543388903141022	-5.4348907470703125	0.034590885043144226
0.3812454640865326	-5.434988498687744	0.034678202122449875
0.4905926585197449	-5.4350738525390625	0.034710537642240524
0.6114761829376221	-5.435168266296387	0.03470189869403839
0.7124720811843872	-5.435246467590332	0.03465576469898224
0.8152400255203247	-5.435326099395752	0.03457670658826828
0.9201382398605347	-5.4354071617126465	0.03447519987821579
1.0263419151306152	-5.435489177703857	0.03436797484755516
1.1636756658554077	-5.435595512390137	0.03312738984823227
1.2854290008544922	-5.4356889724731445	0.03399204462766647
1.3934215307235718	-5.435772895812988	0.034332819283008575
1.5187736749649048	-5.4358696937561035	0.03291526436805725
1.663153886795044	-5.435981273651123	0.03356095403432846
1.7863123416900635	-5.4360761642456055	0.03429407626390457
1.9134546518325806	-5.436173439025879	0.03334895521402359
2.043708562850952	-5.436273574829102	0.033018507063388824
2.1761374473571777	-5.436376094818115	0.03399507328867912
2.3143978118896484	-5.436483383178711	0.03407629579305649
2.4259371757507324	-5.4365692138671875	0.0333532840013504
2.604043960571289	-5.43670654296875	0.03363719582557678
2.745493173599243	-5.43681526184082	0.034231700003147125
2.8868842124938965	-5.436924457550049	0.034528009593486786
3.0067081451416016	-5.437017440795898	0.03464686498045921
3.1609585285186768	-5.437136173248291	0.03385398909449577
3.337890863418579	-5.437272071838379	0.03449064493179321
3.4580588340759277	-5.437365531921387	0.034635163843631744
3.5726675987243652	-5.4374542236328125	0.03465775027871132
3.6849520206451416	-5.437540531158447	0.034426137804985046
3.803422451019287	-5.437632083892822	0.033135540783405304
3.9205281734466553	-5.437723159790039	0.03372114896774292
4.046459197998047	-5.437820911407471	0.034357212483882904
4.161316871643066	-5.437910556793213	0.03455815464258194
4.263506889343262	-5.437989234924316	0.03335866332054138
4.379304885864258	-5.4380784034729	0.033694975078105927
4.517858028411865	-5.438185691833496	0.034365713596343994
4.629858493804932	-5.438272953033447	0.034568868577480316
4.736023902893066	-5.4383544921875	0.03459862619638443
4.849320411682129	-5.438442230224609	0.03453768789768219
4.970095634460449	-5.438535213470459	0.0344267338514328
5.077850818634033	-5.438617706298828	0.034323014318943024
5.1973676681518555	-5.4387102127075195	0.03422565013170242
5.311037540435791	-5.438797950744629	0.03415755182504654
5.411522388458252	-5.438875675201416	0.034115806221961975
