16.94995880126953	-5.401212692260742	0.0340372733771801
17.050350189208984	-5.405126571655273	0.033363793045282364
17.153209686279297	-5.409138202667236	0.03414706140756607
17.25469398498535	-5.409918785095215	0.03422268107533455
17.36688232421875	-5.409749984741211	0.03395906463265419
17.48644256591797	-5.408792495727539	0.03428186476230621
17.601667404174805	-5.403246879577637	0.034214992076158524
17.70465660095215	-5.392354488372803	0.034119635820388794
17.851829528808594	-5.3663434982299805	0.03292439132928848
17.96432876586914	-5.325414657592773	0.034222617745399475
18.064327239990234	-5.277742385864258	0.03434322774410248
18.15595054626465	-5.232944965362549	0.03428840637207031
18.247652053833008	-5.187934875488281	0.03421571105718613
18.34546661376953	-5.1399312019348145	0.034153372049331665
18.438291549682617	-5.094366550445557	0.03411203250288963
18.532939910888672	-5.043692588806152	0.03352503478527069
18.62002182006836	-4.990769386291504	0.0340825580060482
18.711284637451172	-4.928064346313477	0.03414679318666458
18.810930252075195	-4.842586517333984	0.03379411995410919
18.88918113708496	-4.7596282958984375	0.034296877682209015
18.95867919921875	-4.6754865646362305	0.03421825170516968
19.03412628173828	-4.582474708557129	0.032987333834171295
19.097890853881836	-4.487735271453857	0.033927515149116516
19.15402603149414	-4.40103816986084	0.03429524973034859
19.209327697753906	-4.310685157775879	0.034314848482608795
19.25864028930664	-4.223381519317627	0.03427897393703461
19.30301284790039	-4.128406524658203	0.03418706730008125
19.337703704833984	-4.024404525756836	0.03411657363176346
19.358043670654297	-3.9264583587646484	0.03408469632267952
19.37240982055664	-3.7882089614868164	0.033407267183065414
19.38226318359375	-3.6752514839172363	0.03416718542575836
19.387710571289062	-3.5704760551452637	0.03420455753803253
19.39252471923828	-3.4667956829071045	0.033321261405944824
19.39733123779297	-3.362654685974121	0.03370681405067444
19.402217864990234	-3.2568042278289795	0.03423712030053139
19.406103134155273	-3.150336265563965	0.034344382584095
19.405250549316406	-3.044018507003784	0.03420717641711235
19.404403686523438	-2.940645694732666	0.03317324072122574
19.403467178344727	-2.8116979598999023	0.033819444477558136
19.402729034423828	-2.7084598541259766	0.03427070006728172
19.401975631713867	-2.602409839630127	0.03431124612689018
19.401105880737305	-2.4803428649902344	0.033238232135772705
19.400238037109375	-2.3583574295043945	0.034212566912174225
19.399473190307617	-2.250507116317749	0.03437308594584465
19.398761749267578	-2.1497232913970947	0.03390070050954819
19.39792251586914	-2.0316686630249023	0.03427349403500557
19.397197723388672	-1.9296667575836182	0.03425575792789459
19.396331787109375	-1.8074584007263184	0.03418196737766266
19.395401000976562	-1.675844669342041	0.03279869630932808
19.39447784423828	-1.5457524061203003	0.034123167395591736
19.39354705810547	-1.4147357940673828	0.03435409814119339
19.392780303955078	-1.3072044849395752	0.03430664911866188
19.388473510742188	-1.2008066177368164	0.03423063084483147
19.380735397338867	-1.0947891473770142	0.03416217118501663
19.367151260375977	-0.9940242767333984	0.03411829471588135
19.346607208251953	-0.8907115459442139	0.0327591747045517
19.309720993041992	-0.7927790880203247	0.033946845680475235
19.2666015625	-0.6937568187713623	0.03433161973953247
19.21314239501953	-0.5803504586219788	0.03425520285964012
19.167755126953125	-0.48592907190322876	0.03309103846549988
19.116052627563477	-0.39809343218803406	0.03394871950149536
19.056608200073242	-0.30127671360969543	0.03430083394050598
18.991363525390625	-0.2027176022529602	0.03413516655564308
18.92386245727539	-0.11437931656837463	0.0342542789876461
18.860000610351562	-0.03641491383314133	0.03422083705663681
18.778913497924805	0.04672802612185478	0.03414866700768471
18.699731826782227	0.1101003885269165	0.03409774973988533
18.61001205444336	0.17391547560691833	0.033310666680336
18.50925064086914	0.2384924590587616	0.0341869592666626
18.42051887512207	0.2904661297798157	0.03429605811834335
18.327207565307617	0.33725589513778687	0.03419586643576622
18.23038673400879	0.38168972730636597	0.034132130444049835
18.121871948242188	0.42380768060684204	0.03335493057966232
18.02521514892578	0.4562283158302307	0.03400588408112526
17.922176361083984	0.4900340139865875	0.03423062711954117
17.821775436401367	0.5130833983421326	0.03415809944272041
17.719806671142578	0.5291447639465332	0.03412680700421333
17.61788558959961	0.5354681611061096	0.03407754749059677
17.497623443603516	0.5355743765830994	0.0332624651491642
17.386001586914062	0.535933256149292	0.034142907708883286
17.27766227722168	0.5362775325775146	0.034204788506031036
17.13593864440918	0.5367266535758972	0.033622995018959045
16.998027801513672	0.5371653437614441	0.034249018877744675
16.85934829711914	0.5376067161560059	0.032996177673339844
16.755813598632812	0.5379362106323242	0.034003499895334244
16.65172576904297	0.5382673740386963	0.03432701900601387
16.548490524291992	0.5385959148406982	0.034336864948272705
16.441621780395508	0.5356928110122681	0.03426515311002731
16.340106964111328	0.5325399041175842	0.03418430685997009
16.227066040039062	0.5295472145080566	0.03412870317697525
16.1058292388916	0.5265413522720337	0.03365379944443703
15.977445602416992	0.5234965682029724	0.034200601279735565
15.873079299926758	0.521020770072937	0.03418399393558502
15.764986038208008	0.5186666250228882	0.03414809703826904
15.663069725036621	0.5169253349304199	0.033523645251989365
15.541301727294922	0.5148135423660278	0.03402678295969963
15.423320770263672	0.5127471089363098	0.03419644758105278
15.313461303710938	0.5117855072021484	0.03415090590715408
15.21212100982666	0.5108803510665894	0.0341104231774807
15.110311508178711	0.5099821090698242	0.03408379852771759
14.994869232177734	0.5099329948425293	0.03352932259440422
14.892511367797852	0.5129204988479614	0.03411124646663666
14.780245780944824	0.516366720199585	0.03300625830888748
14.661371231079102	0.5200363993644714	0.03409777581691742
14.560579299926758	0.5258417129516602	0.034101877361536026
14.459493637084961	0.533301591873169	0.03408067673444748
14.352436065673828	0.5460545420646667	0.033712293952703476
14.253520965576172	0.5652332305908203	0.03419480100274086
14.138467788696289	0.599091112613678	0.034153133630752563
14.04427719116211	0.6400812864303589	0.03410790115594864
13.950212478637695	0.6951309442520142	0.034077271819114685
13.86834716796875	0.7572034597396851	0.03405939042568207
13.793551445007324	0.8290879726409912	0.034048303961753845
13.717632293701172	0.907075822353363	0.03404032066464424
13.643628120422363	0.9820577502250671	0.03409651294350624
13.565606117248535	1.0528252124786377	0.03407307714223862
13.485015869140625	1.1130176782608032	0.03306146711111069
13.39060115814209	1.1725008487701416	0.03418688103556633
13.301061630249023	1.2199490070343018	0.03419715538620949
13.21138858795166	1.2645388841629028	0.03415936231613159
13.116540908813477	1.301054835319519	0.03410077840089798
13.001673698425293	1.333161473274231	0.033249057829380035
12.881882667541504	1.3512548208236694	0.033962976187467575
12.779230117797852	1.360144853591919	0.03421851247549057
12.664432525634766	1.3612897396087646	0.034187156707048416
12.564026832580566	1.349916696548462	0.034128304570913315
12.460399627685547	1.3257217407226562	0.03409062325954437
12.365450859069824	1.2914891242980957	0.03406814485788345
12.273061752319336	1.2501426935195923	0.033899370580911636
12.182238578796387	1.2040667533874512	0.03410646319389343
12.087087631225586	1.1470881700515747	0.034086111932992935
12.003179550170898	1.0876857042312622	0.034082964062690735
11.925335884094238	1.0246375799179077	0.03408604860305786
11.835247039794922	0.9376734495162964	0.03351489081978798
11.762073516845703	0.8578014373779297	0.034240756183862686
11.691287994384766	0.7720701098442078	0.03423210233449936
11.627523422241211	0.6838371157646179	0.03414976969361305
11.57564926147461	0.5968083143234253	0.03409350663423538
11.527097702026367	0.5011599659919739	0.03343391418457031
11.483320236206055	0.39310112595558167	0.03417570888996124
11.450460433959961	0.2850079834461212	0.03413606435060501
11.428155899047852	0.17970189452171326	0.03353250026702881
11.418704986572266	0.07443788647651672	0.033304132521152496
11.421186447143555	-0.02825235389173031	0.033677197992801666
11.429338455200195	-0.1367984563112259	0.03433745354413986
11.447664260864258	-0.2583030164241791	0.03434387966990471
11.473306655883789	-0.3588436245918274	0.0342232808470726
11.509527206420898	-0.4602888822555542	0.03415762260556221
11.554101943969727	-0.5510382056236267	0.0340997688472271
11.60822868347168	-0.6355563998222351	0.034073829650878906
11.67313289642334	-0.7220856547355652	0.03330010175704956
11.755204200744629	-0.830080509185791	0.034084420651197433
11.83011245727539	-0.9205542802810669	0.03419363871216774
11.89596939086914	-0.9981129169464111	0.03415635973215103
11.970582962036133	-1.0789313316345215	0.034127749502658844
12.033510208129883	-1.159593105316162	0.03406932204961777
12.094104766845703	-1.241807460784912	0.034054357558488846
12.149637222290039	-1.3275070190429688	0.03405091539025307
12.19371223449707	-1.4192085266113281	0.033141039311885834
12.22795581817627	-1.5227710008621216	0.03420662879943848
12.25484848022461	-1.6277416944503784	0.034242257475852966
12.27631950378418	-1.726008415222168	0.03420187532901764
12.288938522338867	-1.8324530124664307	0.03414023667573929
12.293862342834473	-1.9406158924102783	0.03408534452319145
12.295970916748047	-2.0536346435546875	0.03373018652200699
12.295646667480469	-2.1555891036987305	0.03411497175693512
12.295097351074219	-2.2722930908203125	0.03332407400012016
12.294561386108398	-2.381667137145996	0.033774856477975845
12.293977737426758	-2.4990220069885254	0.03423585742712021
12.29347038269043	-2.6007814407348633	0.03423178195953369
12.292936325073242	-2.707932233810425	0.03417278081178665
12.292351722717285	-2.8256704807281494	0.03412049263715744
12.29181957244873	-2.9327805042266846	0.03408917412161827
12.287395477294922	-3.0446767807006836	0.03407217562198639
12.281864166259766	-3.173793315887451	0.0327315479516983
12.277454376220703	-3.2782411575317383	0.033944666385650635
12.272640228271484	-3.3919830322265625	0.03430794179439545
12.266988754272461	-3.4956109523773193	0.034324273467063904
12.258899688720703	-3.600738525390625	0.034279853105545044
12.240779876708984	-3.7003939151763916	0.034174591302871704
12.210511207580566	-3.800159454345703	0.0341198593378067
12.169134140014648	-3.8949944972991943	0.0340859554708004
12.1184663772583	-3.9821982383728027	0.03406510502099991
12.0416841506958	-4.081992149353027	0.03294993191957474
11.951022148132324	-4.161402702331543	0.034187451004981995
11.853534698486328	-4.225363731384277	0.03429761901497841
11.753355026245117	-4.273818492889404	0.03421928733587265
11.650293350219727	-4.30864143371582	0.03414871171116829
11.551311492919922	-4.331625938415527	0.034091830253601074
11.450712203979492	-4.351582050323486	0.03407157585024834
11.351053237915039	-4.3664870262146	0.03405885770916939
11.251115798950195	-4.374547958374023	0.0340498723089695
11.14937973022461	-4.379640579223633	0.03339795768260956
11.025689125061035	-4.3833770751953125	0.03418785706162453
10.914077758789062	-4.383919715881348	0.03415244072675705
10.779013633728027	-4.384366035461426	0.03333818539977074
10.674291610717773	-4.3847761154174805	0.03416368365287781
10.565655708312988	-4.3852033615112305	0.03430934250354767
10.443556785583496	-4.38568639755249	0.033555202186107635
10.29430103302002	-4.386272430419922	0.03396255895495415
10.187923431396484	-4.386690139770508	0.03431994467973709
10.05429458618164	-4.387214660644531	0.0343172661960125
9.890369415283203	-4.3878583908081055	0.033710647374391556
9.787384033203125	-4.387301445007324	0.03437827527523041
9.679315567016602	-4.382635593414307	0.034369051456451416
9.579278945922852	-4.378177642822266	0.03429865837097168
9.476511001586914	-4.374330520629883	0.03427566587924957
9.370742797851562	-4.373379707336426	0.03415177762508392
9.263104438781738	-4.3723344802856445	0.03289064019918442
9.147716522216797	-4.371205806732178	0.03390161320567131
9.038610458374023	-4.370140552520752	0.03427812457084656
8.924393653869629	-4.369025230407715	0.03427336364984512
8.81074333190918	-4.367916107177734	0.03420146927237511
8.706670761108398	-4.3668999671936035	0.03414575010538101
8.597312927246094	-4.365832805633545	0.0328826867043972
8.492124557495117	-4.364805221557617	0.03383316099643707
8.37277603149414	-4.3618550300598145	0.03432121500372887
8.267559051513672	-4.356847763061523	0.0342676118016243
8.162623405456543	-4.349308013916016	0.034235887229442596
8.060616493225098	-4.3304877281188965	0.034149106591939926
7.951111793518066	-4.297474384307861	0.03408822417259216
7.849236011505127	-4.25764274597168	0.032943397760391235
7.74924373626709	-4.197394371032715	0.033772118389606476
7.651091575622559	-4.128224849700928	0.03434092551469803
7.566278457641602	-4.060229778289795	0.03430933505296707
7.4885334968566895	-3.9860947132110596	0.03420090675354004
7.424290180206299	-3.9087629318237305	0.03413727506995201
7.364633560180664	-3.816725254058838	0.034095294773578644
7.318692207336426	-3.7227115631103516	0.03407028317451477
7.2803802490234375	-3.6097588539123535	0.033302415162324905
7.261431694030762	-3.4862890243530273	0.03420638293027878
7.255471229553223	-3.380491256713867	0.03418765589594841
7.250065803527832	-3.2783210277557373	0.0341385081410408
7.247596263885498	-3.1649606227874756	0.034094687551259995
7.246527194976807	-3.063164234161377	0.03407195955514908
7.248691558837891	-2.9611306190490723	0.03405590355396271
7.252044200897217	-2.8457674980163574	0.03262878209352493
7.255460739135742	-2.7289459705352783	0.03401138260960579
7.258712291717529	-2.6177926063537598	0.03428623080253601
7.259444236755371	-2.503446578979492	0.03428442403674126
7.2572455406188965	-2.3980703353881836	0.0341792069375515
7.254887580871582	-2.2946741580963135	0.034128010272979736
7.253252983093262	-2.190685987472534	0.03409504145383835
7.252007007598877	-2.088726758956909	0.03349701687693596
7.250805377960205	-1.9886354207992554	0.03279764950275421
7.2493977546691895	-1.8734601736068726	0.03398246690630913
7.248096466064453	-1.7669569253921509	0.03418979048728943
7.246370315551758	-1.6257684230804443	0.03315090760588646
7.244899749755859	-1.5054377317428589	0.03418084606528282
7.243474006652832	-1.3887662887573242	0.03438074141740799
7.242031097412109	-1.2707234621047974	0.03433438390493393
7.2407636642456055	-1.1669998168945312	0.03425458073616028
7.239439010620117	-1.0663621425628662	0.03423024341464043
7.233846664428711	-0.9587212800979614	0.03412735089659691
7.217545509338379	-0.8033903241157532	0.032918862998485565
7.194553852081299	-0.7028061151504517	0.0340440571308136
7.170189380645752	-0.605463981628418	0.03429626300930977
7.138363838195801	-0.5091981291770935	0.03423614799976349
7.096249580383301	-0.4086736738681793	0.034148216247558594
7.047878742218018	-0.3168298900127411	0.03410661220550537
6.99271821975708	-0.23319348692893982	0.03387535735964775
6.923790454864502	-0.14376723766326904	0.034187231212854385
6.851778507232666	-0.0603950098156929	0.03414131700992584
6.780508518218994	0.0169755257666111	0.03411849960684776
6.705413341522217	0.08608783781528473	0.034011952579021454
6.623396873474121	0.15209665894508362	0.03410596400499344
6.514702320098877	0.2236425280570984	0.03295397758483887
6.400613307952881	0.2835752069950104	0.03420389071106911
6.292130470275879	0.3329117000102997	0.034288372844457626
6.168050765991211	0.3738834857940674	0.03414728492498398
6.06564998626709	0.40160468220710754	0.03412768617272377
5.93197774887085	0.43243688344955444	0.033235788345336914
5.820733070373535	0.45235151052474976	0.034179624170064926
5.714789390563965	0.46303996443748474	0.034215763211250305
5.605146408081055	0.4715244770050049	0.034146688878536224
5.503085136413574	0.4792810082435608	0.034107524901628494
5.371962070465088	0.489244282245636	0.03376515954732895
5.271620273590088	0.4968454837799072	0.03421776741743088
5.168206691741943	0.5045617818832397	0.03429532051086426
5.059793949127197	0.5095025300979614	0.0341779924929142
4.934281826019287	0.5154436826705933	0.033030107617378235
4.82713508605957	0.5204600095748901	0.03371092304587364
4.709051132202148	0.5250636339187622	0.03428065776824951
4.573736667633057	0.5294507145881653	0.03426826000213623
4.473691940307617	0.5326851606369019	0.03312402963638306
4.3474273681640625	0.5366082191467285	0.03416108712553978
4.244171142578125	0.5365520119667053	0.034305281937122345
4.135742664337158	0.5356634855270386	0.034233808517456055
4.028285026550293	0.5347054600715637	0.03416798263788223
3.9251091480255127	0.5337862968444824	0.03412220999598503
3.782383680343628	0.5325077176094055	0.033584170043468475
3.670055627822876	0.5315088033676147	0.034214481711387634
3.53010892868042	0.5302653312683105	0.03369325399398804
3.4162025451660156	0.5292525887489319	0.034234363585710526
3.312777042388916	0.5283331871032715	0.03425460308790207
3.199357509613037	0.5273248553276062	0.034190379083156586
3.098006248474121	0.5264237523078918	0.03364983946084976
2.9844110012054443	0.5254139304161072	0.034225910902023315
2.8396308422088623	0.5241268277168274	0.03281901031732559
2.7272701263427734	0.5231279730796814	0.033965103328228
2.6269943714141846	0.5222365856170654	0.0343647301197052
2.511220932006836	0.5212074518203735	0.0344369076192379
2.4021191596984863	0.520621120929718	0.03443184122443199
2.295633554458618	0.5223330855369568	0.03427562862634659
2.189291000366211	0.5261229276657104	0.03423742204904556
2.0770397186279297	0.5411472320556641	0.03413804993033409
1.9684370756149292	0.564940333366394	0.03408323973417282
1.869903802871704	0.588651180267334	0.03410891070961952
1.7753956317901611	0.6221129894256592	0.03409186005592346
1.6823588609695435	0.6675610542297363	0.03406839445233345
1.588438630104065	0.7281797528266907	0.03298976272344589
1.506474256515503	0.8028387427330017	0.03414778411388397
1.4239341020584106	0.9022296071052551	0.03421095386147499
1.3689343929290771	0.989743173122406	0.03415049985051155
1.3203954696655273	1.0932471752166748	0.034102313220500946
1.286842703819275	1.1969472169876099	0.03407391533255577
1.2672841548919678	1.296269178390503	0.03405749425292015
1.252034068107605	1.4010932445526123	0.03330573812127113
1.2416123151779175	1.5073843002319336	0.03414170444011688
1.2329785823822021	1.6262158155441284	0.03418095409870148
1.2281689643859863	1.7301743030548096	0.03412845730781555
1.2249994277954102	1.8411014080047607	0.034089576452970505
1.2233620882034302	1.942434549331665	0.03406398743391037
1.2215712070465088	2.056405544281006	0.03357250988483429
1.2194567918777466	2.1902947425842285	0.03347184136509895
1.2177739143371582	2.2968974113464355	0.03384926915168762
1.2161287069320679	2.4011683464050293	0.03428139537572861
1.2142183780670166	2.522280693054199	0.034306395798921585
1.216294288635254	2.6408166885375977	0.03423260152339935
1.2202097177505493	2.755991220474243	0.03414912894368172
1.2237197160720825	2.8562541007995605	0.03392986208200455
1.2272875308990479	2.9600086212158203	0.03417711704969406
1.2307318449020386	3.0601236820220947	0.03415228798985481
1.234276294708252	3.1631364822387695	0.034112878143787384
1.2381255626678467	3.2750182151794434	0.03279761224985123
1.2418383359909058	3.382908821105957	0.03377509117126465
1.2508795261383057	3.5338215827941895	0.03437504917383194
1.2704378366470337	3.637951135635376	0.03429532051086426
1.300758719444275	3.735018014907837	0.03420843929052353
1.3444935083389282	3.8327386379241943	0.03414130210876465
1.392845869064331	3.922069549560547	0.034116290509700775
1.4497722387313843	4.0070481300354	0.034073952585458755
1.5147953033447266	4.083646297454834	0.034057602286338806
1.603745460510254	4.166154384613037	0.03279848024249077
1.7002103328704834	4.226953029632568	0.03376486897468567
1.792901635169983	4.267825126647949	0.03428776189684868
1.9016401767730713	4.300329208374023	0.034305088222026825
2.003204107284546	4.324178695678711	0.03424340859055519
2.1022696495056152	4.340176582336426	0.03417368233203888
2.2040247917175293	4.351690769195557	0.03412220627069473
2.306152820587158	4.3603057861328125	0.03406954184174538
2.433016300201416	4.368337154388428	0.032829731702804565
2.5583174228668213	4.376021862030029	0.033884596079587936
2.669956684112549	4.382867336273193	0.034253090620040894
2.7759828567504883	4.389369010925293	0.034241512417793274
2.87906813621521	4.393120765686035	0.0341857485473156
3.0006651878356934	4.396418571472168	0.03289898484945297
3.1016101837158203	4.399062633514404	0.033885255455970764
3.2155752182006836	4.395906925201416	0.03429132327437401
3.320953607559204	4.392261505126953	0.03427819535136223
3.4444103240966797	4.387860298156738	0.03322025388479233
3.588207721710205	4.382730960845947	0.0339021310210228
3.695974826812744	4.378887176513672	0.03431534022092819
3.816298007965088	4.374760627746582	0.034402236342430115
3.924426317214966	4.3735456466674805	0.034258559346199036
4.036769866943359	4.372227668762207	0.03355584293603897
4.139394283294678	4.371032238006592	0.03268919512629509
4.26759147644043	4.369538307189941	0.034023139625787735
4.381110191345215	4.368215560913086	0.03437119722366333
4.489758491516113	4.366950035095215	0.034380555152893066
4.5915303230285645	4.3657636642456055	0.03430778533220291
4.709602355957031	4.364388465881348	0.03293690085411072
4.827999114990234	4.363008499145508	0.03408518433570862
4.931967735290527	4.361796855926514	0.034370072185993195
5.07491397857666	4.36013126373291	0.0343523733317852
5.180726051330566	4.358898162841797	0.034270402044057846
5.282032489776611	4.355581760406494	0.034239668399095535
5.382472515106201	4.341345310211182	0.034152522683143616
5.4793548583984375	4.316237449645996	0.03410757705569267
5.5810160636901855	4.284498691558838	0.033568210899829865
5.678997993469238	4.243314743041992	0.03417840600013733
5.780987739562988	4.191825866699219	0.03418107330799103
5.866815567016602	4.13579797744751	0.034114573150873184
5.947362899780273	4.069313049316406	0.033240944147109985
6.020129203796387	3.9890356063842773	0.033898208290338516
6.079416275024414	3.9018216133117676	0.03425641730427742
6.127513885498047	3.8086516857147217	0.03422418236732483
6.163402557373047	3.7130770683288574	0.034158315509557724
6.188614845275879	3.6111369132995605	0.034110452979803085
6.203409194946289	3.506545066833496	0.03406939655542374
6.2168731689453125	3.399355411529541	0.0329737588763237
6.222629547119141	3.274733781814575	0.03383379802107811
6.2226762771606445	3.1581149101257324	0.03428110107779503
6.220541954040527	3.051287889480591	0.034231603145599365
6.217875957489014	2.9271442890167236	0.03415951132774353
6.216536521911621	2.8228421211242676	0.03414057940244675
6.217334270477295	2.7151741981506348	0.034081943333148956
6.218059062957764	2.6143298149108887	0.032605692744255066
6.218825340270996	2.504143476486206	0.03374161943793297
6.219570159912109	2.3970916271209717	0.03428129851818085
6.2203688621521	2.2823853492736816	0.034351643174886703
6.222967147827148	2.152783155441284	0.034275416284799576
6.225975513458252	2.049166679382324	0.03418947756290436
6.229036808013916	1.9452452659606934	0.03413598984479904
6.233030319213867	1.8082304000854492	0.033876657485961914
6.2380781173706055	1.7050445079803467	0.03415384516119957
6.247161865234375	1.5630254745483398	0.03277154266834259
6.274028301239014	1.415281891822815	0.03412127494812012
6.298138618469238	1.296496868133545	0.03325522691011429
6.334560394287109	1.1677908897399902	0.034096598625183105
6.368080139160156	1.057510495185852	0.03443506360054016
6.400757789611816	0.9509859085083008	0.034460172057151794
6.435444355010986	0.8391706347465515	0.03320593386888504
6.487873077392578	0.7085846662521362	0.034081365913152695
6.533331871032715	0.6047862768173218	0.034425847232341766
6.574544906616211	0.5116612911224365	0.03361337259411812
6.642606735229492	0.3848814070224762	0.03377675265073776
6.709242343902588	0.27585500478744507	0.03439000993967056
6.771576404571533	0.18317246437072754	0.03455199673771858
6.832111835479736	0.09703603386878967	0.034541256725788116
6.911703586578369	0.004678128287196159	0.03434694558382034
6.99106502532959	-0.07296043634414673	0.03425837308168411
7.080410957336426	-0.14045019447803497	0.034161802381277084
7.183208465576172	-0.205148845911026	0.03382427245378494
7.277731418609619	-0.255575954914093	0.03415698558092117
7.371507167816162	-0.2959088683128357	0.0341215543448925
7.482784271240234	-0.33672013878822327	0.03394286334514618
7.579848289489746	-0.36948591470718384	0.03410688787698746
7.687276840209961	-0.40102195739746094	0.03303617984056473
7.787118911743164	-0.4281822144985199	0.034126415848731995
7.893999099731445	-0.4539750814437866	0.03416495397686958
7.998752593994141	-0.4749721586704254	0.034153081476688385
8.097798347473145	-0.4905167818069458	0.034104812890291214
8.199117660522461	-0.5013068318367004	0.03336721658706665
8.308908462524414	-0.5119131207466125	0.03415506333112717
8.409782409667969	-0.5185868740081787	0.03422888368368149
8.523673057556152	-0.5211786031723022	0.034154701977968216
8.632448196411133	-0.5226819515228271	0.034105781465768814
8.764238357543945	-0.5244810581207275	0.03325295448303223
8.899782180786133	-0.5262970924377441	0.03423542529344559
9.000276565551758	-0.5276442766189575	0.03431004285812378
9.126775741577148	-0.5293393135070801	0.034228816628456116
9.244525909423828	-0.530917763710022	0.03321307897567749
9.37544059753418	-0.5326733589172363	0.033794187009334564
9.512611389160156	-0.5345131158828735	0.03435467928647995
9.634391784667969	-0.5361464619636536	0.03436557948589325
9.736379623413086	-0.537514328956604	0.034291401505470276
9.862396240234375	-0.5392042994499207	0.03420019522309303
9.963031768798828	-0.5397882461547852	0.03414437919855118
10.06954574584961	-0.5398279428482056	0.03412177786231041
10.187902450561523	-0.5386019349098206	0.0327686183154583
10.290757179260254	-0.537586510181427	0.033942122012376785
10.406522750854492	-0.5364461541175842	0.03426073119044304
10.512574195861816	-0.5354019999504089	0.034236613661050797
10.615065574645996	-0.5343926548957825	0.034176912158727646
10.729411125183105	-0.5332671403884888	0.032922595739364624
10.858709335327148	-0.5319936275482178	0.03412964195013046
10.977279663085938	-0.5308260321617126	0.03591074049472809
11.082137107849121	-0.5364249348640442	0.03390727564692497
11.194751739501953	-0.544948160648346	0.03415156155824661
11.296719551086426	-0.5591495633125305	0.034136250615119934
11.394978523254395	-0.5847583413124084	0.03409530967473984
11.493463516235352	-0.6231093406677246	0.03407016396522522
11.583006858825684	-0.6706562042236328	0.03405505046248436
11.675045013427734	-0.7353687286376953	0.03395634889602661
11.756858825683594	-0.8078452944755554	0.03409084305167198
11.835108757019043	-0.8802810907363892	0.0340718999505043
11.941946983337402	-0.9817579984664917	0.033462006598711014
12.017997741699219	-1.053971529006958	0.03418624401092529
12.104442596435547	-1.134613275527954	0.03433883190155029
12.19483757019043	-1.2024329900741577	0.03422453999519348
12.282063484191895	-1.2528774738311768	0.034154605120420456
12.377762794494629	-1.298658013343811	0.03310205042362213
12.481184005737305	-1.3357499837875366	0.03298451006412506
12.602529525756836	-1.35546875	0.03417140245437622
12.711650848388672	-1.366980791091919	0.034375544637441635
12.81228256225586	-1.3763827085494995	0.03441689908504486
12.927751541137695	-1.37579345703125	0.034282028675079346
13.033864974975586	-1.3619933128356934	0.03418784961104393
13.134774208068848	-1.3404273986816406	0.03411409258842468
13.258729934692383	-1.3021204471588135	0.0332927480340004
13.379947662353516	-1.2522315979003906	0.034238047897815704
13.478692054748535	-1.207963466644287	0.0343715101480484
13.567293167114258	-1.1592776775360107	0.034273870289325714
13.649649620056152	-1.1010963916778564	0.03418445959687233
13.727975845336914	-1.032740831375122	0.03411199897527695
13.806520462036133	-0.9570742845535278	0.03408055007457733
13.897393226623535	-0.8550274968147278	0.03297358378767967
13.981781959533691	-0.736453652381897	0.03421296924352646
14.043708801269531	-0.6396337747573853	0.03429407626390457
14.090835571289062	-0.546771228313446	0.03422045707702637
14.13002872467041	-0.4479053020477295	0.03416028618812561
14.157323837280273	-0.35050636529922485	0.03410077840089798
14.17500114440918	-0.24524825811386108	0.033131130039691925
14.17992877960205	-0.13125085830688477	0.034095171838998795
14.182746887207031	-0.031205441802740097	0.03416171669960022
14.179620742797852	0.07180825620889664	0.034137967973947525
14.163829803466797	0.17669405043125153	0.03408768028020859
14.143632888793945	0.27616360783576965	0.032814815640449524
14.108150482177734	0.37584853172302246	0.03403177857398987
14.063233375549316	0.4712260961532593	0.034258805215358734
14.012832641601562	0.5638576745986938	0.034211356192827225
13.963420867919922	0.6532573699951172	0.03414740413427353
13.913583755493164	0.7426668405532837	0.034110624343156815
13.855623245239258	0.8332356214523315	0.03408670425415039
13.791149139404297	0.9124338626861572	0.03406360745429993
13.719671249389648	0.9839689135551453	0.032760947942733765
13.643213272094727	1.0547232627868652	0.03393476828932762
13.561954498291016	1.13497793674469	0.03399310261011124
13.48701286315918	1.2132833003997803	0.034133754670619965
13.425580978393555	1.292362093925476	0.03408850356936455
13.36911392211914	1.3861650228500366	0.033959537744522095
13.32719612121582	1.4803375005722046	0.0340893417596817
13.29664421081543	1.5780153274536133	0.03406795486807823
13.276649475097656	1.6797449588775635	0.032879896461963654
13.273625373840332	1.7937872409820557	0.03398852050304413
13.286955833435059	1.9121721982955933	0.03423568606376648
13.299854278564453	2.012820243835449	0.03423498943448067
13.300004959106445	2.121784210205078	0.03315260261297226
13.289803504943848	2.2320408821105957	0.034136880189180374
13.277618408203125	2.3530502319335938	0.03425920754671097
13.274330139160156	2.459913492202759	0.03419947624206543
13.273869514465332	2.5692009925842285	0.034126460552215576
13.27481460571289	2.670708656311035	0.03409344330430031
13.276369094848633	2.787419319152832	0.033021893352270126
13.277978897094727	2.9050092697143555	0.03414277732372284
13.279489517211914	3.019528388977051	0.03281356021761894
13.280970573425293	3.1280126571655273	0.03378882259130478
13.282411575317383	3.2335896492004395	0.034206144511699677
13.283984184265137	3.348726749420166	0.032982274889945984
13.285822868347168	3.4835007190704346	0.033994708210229874
13.283652305603027	3.628535032272339	0.03440088778734207
13.27856731414795	3.7394793033599854	0.03431519493460655
13.26460075378418	3.8784918785095215	0.03351469337940216
13.248769760131836	3.981693744659424	0.03430826589465141
13.216535568237305	4.1057963371276855	0.03439958766102791
13.181721687316895	4.20366096496582	0.03432062268257141
13.133935928344727	4.307927131652832	0.03418152034282684
13.08321475982666	4.408997058868408	0.03393339365720749
13.033958435058594	4.500916004180908	0.03419453650712967
12.979959487915039	4.586683750152588	0.03413882851600647
12.921051979064941	4.67014741897583	0.03323303163051605
12.860374450683594	4.751061916351318	0.03402507305145264
12.785490989685059	4.8393330574035645	0.034236110746860504
12.706851959228516	4.919182777404785	0.034131474792957306
12.63340950012207	4.988515377044678	0.033759936690330505
12.545021057128906	5.058436393737793	0.03398808836936951
12.445606231689453	5.132742404937744	0.03423294425010681
12.359134674072266	5.187069416046143	0.03346393629908562
12.212645530700684	5.2521891593933105	0.0338447280228138
12.106356620788574	5.286129474639893	0.034337110817432404
11.984244346618652	5.3193206787109375	0.034296996891498566
11.877289772033691	5.347959995269775	0.03286438062787056
11.725115776062012	5.388628959655762	0.034123461693525314
11.621294021606445	5.4140119552612305	0.0344524011015892
11.500457763671875	5.438300132751465	0.03446162864565849
11.396392822265625	5.447287559509277	0.034318432211875916
11.289782524108887	5.447265148162842	0.03420032560825348
11.181673049926758	5.444533348083496	0.03412526473402977
11.076187133789062	5.441734790802002	0.03318561241030693
10.964035987854004	5.438713073730469	0.03368016704916954
10.828512191772461	5.437481880187988	0.03432679548859596
10.719260215759277	5.44122314453125	0.034242674708366394
10.603976249694824	5.4454193115234375	0.03335873782634735
10.494407653808594	5.449321746826172	0.033736445009708405
10.384576797485352	5.453139305114746	0.034328311681747437
10.268178939819336	5.454206466674805	0.03428501635789871
10.157034873962402	5.455230236053467	0.03420864790678024
10.036322593688965	5.456324100494385	0.033551815897226334
9.925209045410156	5.457331657409668	0.034228257834911346
9.819657325744629	5.458288192749023	0.034311775118112564
9.687875747680664	5.4594831466674805	0.033037807792425156
9.546991348266602	5.460760116577148	0.03420910984277725
9.439034461975098	5.461738586425781	0.03436482325196266
9.334360122680664	5.462687969207764	0.032985541969537735
9.22891616821289	5.4636430740356445	0.03360776975750923
9.091459274291992	5.464888572692871	0.03436711058020592
8.976743698120117	5.465928554534912	0.034487057477235794
8.874015808105469	5.466859817504883	0.03444434702396393
8.752724647521973	5.467958927154541	0.03428003191947937
8.630420684814453	5.46730899810791	0.03436236083507538
8.526065826416016	5.463416576385498	0.034239064902067184
8.409489631652832	5.45888614654541	0.033379003405570984
8.29595947265625	5.454455375671387	0.03377261385321617
8.193909645080566	5.450469970703125	0.034246914088726044
8.081792831420898	5.44609260559082	0.03428532928228378
7.972662925720215	5.443109512329102	0.03422693535685539
7.851798057556152	5.440679550170898	0.03316714987158775
7.74357795715332	5.438546657562256	0.03361419960856438
7.6332783699035645	5.436374664306641	0.03424616530537605
7.529603958129883	5.434332847595215	0.034086596220731735
7.3924150466918945	5.431631088256836	0.03335318714380264
7.242405891418457	5.428676605224609	0.03431706875562668
7.135622978210449	5.426572799682617	0.03441930189728737
7.016363143920898	5.424224853515625	0.03345581144094467
6.881543159484863	5.421569347381592	0.033921271562576294
6.77323055267334	5.419434547424316	0.03435292840003967
6.671643257141113	5.417433738708496	0.034412115812301636
6.561568737030029	5.415806293487549	0.03436129167675972
6.453037738800049	5.415021896362305	0.034253932535648346
6.341338157653809	5.414263725280762	0.034177690744400024
6.224120616912842	5.413492202758789	0.033933717757463455
6.117042064666748	5.412750244140625	0.0341901071369648
6.0149383544921875	5.412511825561523	0.0341850146651268
5.906876087188721	5.4133100509643555	0.034114640206098557
5.7926459312438965	5.414201736450195	0.033868782222270966
5.688104629516602	5.415021896362305	0.0341997966170311
5.579776287078857	5.4158711433410645	0.034014735370874405
5.4721198081970215	5.416715621948242	0.03418505936861038
5.314526557922363	5.417950630187988	0.03269821032881737
5.201881408691406	5.4188337326049805	0.03387271985411644
5.090497970581055	5.419707775115967	0.03433800861239433
4.988266944885254	5.420508861541748	0.034389667212963104
4.882275104522705	5.421339988708496	0.03319954127073288
4.769362449645996	5.422224998474121	0.03391755372285843
4.66390323638916	5.423053741455078	0.03434388339519501
4.557433605194092	5.423887729644775	0.03440340235829353
4.437697410583496	5.424826622009277	0.03404577076435089
4.325588226318359	5.425705909729004	0.03428071364760399
4.196359634399414	5.4267191886901855	0.03340522572398186
4.096343994140625	5.4275031089782715	0.03333042934536934
3.9737722873687744	5.428463935852051	0.03422984108328819
3.870030403137207	5.429277420043945	0.034335907548666
3.764498233795166	5.430105209350586	0.032978981733322144
3.631066083908081	5.431151390075684	0.033897753804922104
3.473327398300171	5.4323883056640625	0.03445715829730034
3.370781183242798	5.433192729949951	0.0344872884452343
3.2570860385894775	5.434083461761475	0.03441232815384865
3.154142379760742	5.4348907470703125	0.034319959580898285
3.0395002365112305	5.435789108276367	0.03422773256897926
2.9358530044555664	5.4366021156311035	0.03416432812809944
2.8354358673095703	5.437389373779297	0.03412067890167236
2.731590986251831	5.438202857971191	0.03409017249941826
2.6284868717193604	5.439011096954346	0.03407049924135208
2.523869752883911	5.439831256866455	0.034057825803756714
2.406665802001953	5.4407501220703125	0.032765451818704605
2.2712502479553223	5.441812992095947	0.03415791317820549
2.147028923034668	5.4427490234375	0.03435496613383293
2.039377212524414	5.441091537475586	0.0342358835041523
1.9194865226745605	5.439340591430664	0.03303892910480499
1.788998007774353	5.437417984008789	0.03371262922883034
1.6820405721664429	5.435841083526611	0.034278109669685364
1.5668212175369263	5.43414306640625	0.03436107188463211
1.4646426439285278	5.432636737823486	0.034300707280635834
1.356884241104126	5.431048393249512	0.03422141820192337
1.2524325847625732	5.429508686065674	0.03415972366929054
1.1329188346862793	5.42774772644043	0.03313383832573891
1.0144474506378174	5.42600154876709	0.03417051210999489
0.8746985793113708	5.423943042755127	0.03359692543745041
0.7501235008239746	5.422107219696045	0.03395596519112587
0.6398147940635681	5.420481204986572	0.03433352708816528
0.5203902125358582	5.418720722198486	0.034341901540756226
0.4038633704185486	5.419118881225586	0.03427133336663246
0.29530438780784607	5.4209184646606445	0.03417643532156944
0.14973899722099304	5.423428535461426	0.03326202183961868
0.03305836021900177	5.425515651702881	0.034192975610494614
-0.09322528541088104	5.426746368408203	0.03436361253261566
-0.19661270081996918	5.427051544189453	0.03429597243666649
-0.3084954619407654	5.427332878112793	0.03355279564857483
-0.4214390516281128	5.427656650543213	0.03338954597711563
-0.5343889594078064	5.428044319152832	0.03421220928430557
-0.6420475244522095	5.428412914276123	0.03399444371461868
-0.783362865447998	5.4289045333862305	0.033345043659210205
-0.9059457778930664	5.429337501525879	0.0342390276491642
-1.0396745204925537	5.429811000823975	0.033715516328811646
-1.201206088066101	5.43038272857666	0.03332212567329407
-1.3471623659133911	5.430898666381836	0.034302450716495514
-1.457756757736206	5.4312896728515625	0.03452598303556442
-1.5725677013397217	5.431695461273193	0.034543219953775406
-1.7462801933288574	5.432310104370117	0.033843252807855606
-1.878420114517212	5.432777404785156	0.03441004455089569
-2.0290215015411377	5.433310031890869	0.03342106565833092
-2.1618518829345703	5.433779716491699	0.03299145773053169
-2.2747550010681152	5.434178829193115	0.03400907665491104
-2.3898634910583496	5.434586048126221	0.0344417504966259
-2.4928486347198486	5.43494987487793	0.03455852344632149
-2.6025750637054443	5.435337543487549	0.03327956423163414
-2.7217440605163574	5.435758590698242	0.033474400639534
-2.82673716545105	5.436130046844482	0.03416420519351959
-2.9277307987213135	5.436487197875977	0.034477606415748596
-3.03926420211792	5.436882019042969	0.034592606127262115
-3.161818504333496	5.437314987182617	0.033983439207077026
-3.2755913734436035	5.437717437744141	0.03311227262020111
-3.3969993591308594	5.438146591186523	0.03406274691224098
-3.535564422607422	5.438636779785156	0.03449331596493721
-3.684628486633301	5.439164638519287	0.03453298658132553
-3.814310073852539	5.439623832702637	0.03443416580557823
-3.9276957511901855	5.440025329589844	0.034327488392591476
-4.030403137207031	5.4403886795043945	0.03365958482027054
-4.15983772277832	5.4408464431762695	0.032789137214422226
-4.3115034103393555	5.441382884979248	0.034205082803964615
-4.440620422363281	5.441839694976807	0.03442776948213577
-4.56045389175415	5.442263603210449	0.033676628023386
-4.684146404266357	5.4427008628845215	0.033934157341718674
-4.829331398010254	5.4432148933410645	0.03438336029648781
-4.937252521514893	5.443596839904785	0.03436713665723801
-5.041625499725342	5.443965911865234	0.033106714487075806
-5.205300807952881	5.444544315338135	0.032734788954257965
-5.338403701782227	5.445014953613281	0.034002311527729034
-5.456343173980713	5.445431709289551	0.03444893658161163
-5.560210227966309	5.445799350738525	0.034495916217565536
-5.684317588806152	5.446237564086914	0.033150169998407364
-5.832128047943115	5.446760177612305	0.03387933224439621
-5.948341369628906	5.447171688079834	0.034393683075904846
-6.102354049682617	5.44771671295166	0.03459767997264862
-6.218613147735596	5.4481282234191895	0.03457459434866905
-6.3518524169921875	5.448598861694336	0.034466154873371124
-6.494312286376953	5.449102401733398	0.032983437180519104
-6.618234634399414	5.449541091918945	0.03358081728219986
-6.7366509437561035	5.449959754943848	0.03430218622088432
-6.851820945739746	5.450366973876953	0.0345027819275856
-6.976218223571777	5.450806617736816	0.033410631120204926
-7.1344380378723145	5.451366901397705	0.03330498933792114
-7.274499893188477	5.451861381530762	0.0342617928981781
-7.38844108581543	5.452264785766602	0.03452913463115692
-7.488758087158203	5.4526190757751465	0.03457833454012871
-7.608283519744873	5.451242923736572	0.03462650626897812
-7.715834617614746	5.4448089599609375	0.03442015126347542
-7.832568168640137	5.437519073486328	0.034292224794626236
-7.933014869689941	5.431196212768555	0.03422455117106438
-8.043744087219238	5.428523063659668	0.03414475917816162
-8.167484283447266	5.4257707595825195	0.03311120718717575
-8.307308197021484	5.422591686248779	0.03421110287308693
-8.40953540802002	5.420267105102539	0.03305698558688164
-8.528273582458496	5.417555809020996	0.033831819891929626
-8.676456451416016	5.414172172546387	0.034388165920972824
-8.779504776000977	5.411818027496338	0.034399211406707764
-8.890198707580566	5.411502361297607	0.03437306731939316
-8.991267204284668	5.41494083404541	0.03422938659787178
-9.121603012084961	5.4196248054504395	0.03293435648083687
-9.272758483886719	5.424904823303223	0.03418109565973282
-9.385967254638672	5.425107955932617	0.0343024916946888
-9.503861427307129	5.424591064453125	0.03422112017869949
-9.613682746887207	5.423994064331055	0.03300994634628296
-9.732065200805664	5.423447608947754	0.033625125885009766
-9.84466552734375	5.4229230880737305	0.03427042067050934
-10.010692596435547	5.422145843505859	0.03300898149609566
-10.144754409790039	5.4215216636657715	0.034164588898420334
-10.26451587677002	5.420965194702148	0.03445962816476822
-10.374645233154297	5.420453071594238	0.03446841984987259
-10.505979537963867	5.4198431968688965	0.033689435571432114
-10.621379852294922	5.419306755065918	0.03291810303926468
-10.766677856445312	5.418631553649902	0.03419101610779762
-10.874850273132324	5.418127536773682	0.034447383135557175
-10.994085311889648	5.417574405670166	0.03338167443871498
-11.101268768310547	5.417076110839844	0.03349778801202774
-11.218668937683105	5.416530609130859	0.03425676375627518
-11.351446151733398	5.415913105010986	0.03450501337647438
-11.457663536071777	5.415419578552246	0.03448978811502457
-11.564821243286133	5.414921760559082	0.033766262233257294
-11.716413497924805	5.414216995239258	0.03325873240828514
-11.819648742675781	5.413738250732422	0.03413404896855354
-11.964982986450195	5.413062572479248	0.034475117921829224
-12.085874557495117	5.412500858306885	0.03354567661881447
-12.227542877197266	5.4118428230285645	0.03367025405168533
-12.338756561279297	5.411325454711914	0.03430737555027008
-12.442160606384277	5.410844326019287	0.03449128940701485
-12.570551872253418	5.410247802734375	0.03447452560067177
-12.679848670959473	5.4097394943237305	0.03438422828912735
-12.788758277893066	5.409232139587402	0.03428675979375839
-12.892962455749512	5.408747673034668	0.0342085137963295
-12.996220588684082	5.408268451690674	0.03335614502429962
-13.113414764404297	5.407723426818848	0.033591512590646744
-13.218099594116211	5.407237529754639	0.034227725118398666
-13.333836555480957	5.406699180603027	0.03431526571512222
-13.454547882080078	5.406137943267822	0.03424441069364548
-13.564458847045898	5.405627250671387	0.03417517989873886
-13.674736022949219	5.40511417388916	0.03362555801868439
-13.78784465789795	5.404587745666504	0.034212999045848846
-13.903895378112793	5.40404748916626	0.034227605909109116
-14.008377075195312	5.403562545776367	0.03417117893695831
-14.16069221496582	5.397800922393799	0.03321416676044464
-14.26839828491211	5.385652542114258	0.03414782136678696
-14.37547779083252	5.372858047485352	0.03434017673134804
-14.48080825805664	5.360217094421387	0.03430476039648056
-14.591577529907227	5.346905708312988	0.034225691109895706
-14.694364547729492	5.334561347961426	0.033649809658527374
-14.811205863952637	5.320506572723389	0.03424592316150665
-14.920913696289062	5.307310581207275	0.034269459545612335
-15.030460357666016	5.29413366317749	0.03420389071106911
-15.165290832519531	5.2740983963012695	0.03385976701974869
-15.265768051147461	5.256421089172363	0.0342353917658329
-15.373148918151855	5.2373480796813965	0.03423628956079483
-15.480685234069824	5.217563629150391	0.03335466980934143
-15.582015037536621	5.196412563323975	0.03416110575199127
-15.703325271606445	5.170749664306641	0.03427102416753769
-15.815279006958008	5.147057056427002	0.03422321379184723
-15.91734504699707	5.1212158203125	0.03323313966393471
-16.015317916870117	5.087165832519531	0.03404315188527107
-16.129261016845703	5.046314239501953	0.034234821796417236
-16.23728370666504	4.998012542724609	0.03413558751344681
-16.3256778717041	4.947355270385742	0.034181077033281326
-16.424747467041016	4.889923095703125	0.03317171707749367
-16.521902084350586	4.833441734313965	0.03259016573429108
-16.634410858154297	4.768024444580078	0.033943887799978256
-16.72713851928711	4.7140984535217285	0.03436946123838425
-16.864065170288086	4.634467124938965	0.033628806471824646
-16.971323013305664	4.572090148925781	0.03370771184563637
-17.0595703125	4.520772933959961	0.034313030540943146
-17.1618595123291	4.451958656311035	0.03453793004155159
-17.24994468688965	4.375250816345215	0.0343829020857811
-17.34563636779785	4.286807060241699	0.03424911946058273
-17.4576358795166	4.18278694152832	0.032788630574941635
-17.53123664855957	4.114402770996094	0.03392734378576279
-17.63161849975586	4.021139144897461	0.034399114549160004
-17.713821411132812	3.944772720336914	0.03445816785097122
-17.786909103393555	3.8716328144073486	0.03433150053024292
-17.864604949951172	3.7935051918029785	0.0342271514236927
-17.950042724609375	3.707460880279541	0.0329880565404892
-18.02886199951172	3.6278936862945557	0.03420604020357132
-18.10074806213379	3.548670768737793	0.03435274958610535
-18.1766357421875	3.464689254760742	0.034297674894332886
-18.265703201293945	3.365736961364746	0.03319687023758888
-18.335567474365234	3.273444890975952	0.03377971425652504
-18.39832878112793	3.184864044189453	0.03429143875837326
-18.461589813232422	3.0948848724365234	0.034346356987953186
-18.526729583740234	3.0019383430480957	0.03344899043440819
-18.597152709960938	2.886598587036133	0.033975616097450256
-18.66421127319336	2.769960641860962	0.03435227647423744
-18.717504501342773	2.6769251823425293	0.034328240901231766
-18.76985740661621	2.5855114459991455	0.03412909805774689
-18.828266143798828	2.4704396724700928	0.033690325915813446
-18.871305465698242	2.3725502490997314	0.03425734490156174
-18.913843154907227	2.2742066383361816	0.03432578593492508
-18.955244064331055	2.1784143447875977	0.03426569327712059
-18.995159149169922	2.0859832763671875	0.03321753814816475
-19.03353500366211	1.9868682622909546	0.03299360349774361
-19.068859100341797	1.8712621927261353	0.034147150814533234
-19.098817825317383	1.7708150148391724	0.03439418226480484
-19.13166046142578	1.6602789163589478	0.034384142607450485
-19.164886474609375	1.5484411716461182	0.03429427370429039
-19.19657325744629	1.4417729377746582	0.03355282545089722
-19.229158401489258	1.332102656364441	0.03366629779338837
-19.258522033691406	1.228589415550232	0.03429795801639557
-19.285411834716797	1.127751111984253	0.034314706921577454
-19.315814971923828	1.0123316049575806	0.03360609710216522
-19.335391998291016	0.9035384058952332	0.03308992460370064
-19.34378433227539	0.8006306886672974	0.03409332409501076
-19.351051330566406	0.7006946206092834	0.03437022119760513
-19.358312606811523	0.5980001091957092	0.03438284248113632
-19.369277954101562	0.4894718825817108	0.034323714673519135
-19.382854461669922	0.3741631805896759	0.03336838260293007
-19.39645004272461	0.2598699629306793	0.033273667097091675
-19.40867042541504	0.15717488527297974	0.034135185182094574
-19.422563552856445	0.04009917005896568	0.03445561230182648
-19.42703628540039	-0.06873057782649994	0.034378938376903534
-19.428504943847656	-0.1837555319070816	0.0342429056763649
-19.427385330200195	-0.28637200593948364	0.03416568785905838
-19.42578887939453	-0.39078396558761597	0.03417864441871643
-19.421159744262695	-0.4926947355270386	0.034140050411224365
-19.412647247314453	-0.5928494930267334	0.034063179045915604
-19.402713775634766	-0.6975895762443542	0.034110695123672485
-19.382156372070312	-0.8227787017822266	0.033492524176836014
-19.35316276550293	-0.9462123513221741	0.03423502296209335
-19.327991485595703	-1.0512372255325317	0.0334649495780468
-19.30188751220703	-1.1599653959274292	0.033429600298404694
-19.270828247070312	-1.2892802953720093	0.03428402170538902
-19.236953735351562	-1.4129345417022705	0.03443833813071251
-19.205514907836914	-1.511972188949585	0.03432491794228554
-19.172821044921875	-1.6140804290771484	0.03375566005706787
-19.138099670410156	-1.7219393253326416	0.03419358283281326
-19.101158142089844	-1.831188678741455	0.03417117893695831
-19.067296981811523	-1.9303613901138306	0.032986074686050415
-19.02385139465332	-2.0575222969055176	0.033807169646024704
-18.9910945892334	-2.153388738632202	0.034274470061063766
-18.948974609375	-2.260770320892334	0.0343649759888649
-18.903066635131836	-2.3677148818969727	0.03423820063471794
-18.855070114135742	-2.4788095951080322	0.032951243221759796
-18.802854537963867	-2.5936830043792725	0.03407236561179161
-18.741985321044922	-2.712670087814331	0.03433040529489517
-18.69367218017578	-2.806413173675537	0.03428724408149719
-18.639663696289062	-2.899493455886841	0.034216031432151794
-18.55948257446289	-3.015711784362793	0.032755814492702484
-18.482622146606445	-3.0928122997283936	0.03370318189263344
-18.39521598815918	-3.1738693714141846	0.03432440012693405
-18.319772720336914	-3.2433061599731445	0.034504372626543045
-18.247970581054688	-3.321782350540161	0.03441999852657318
-18.167417526245117	-3.4209699630737305	0.034242987632751465
-18.10322380065918	-3.500203847885132	0.033494409173727036
-18.036041259765625	-3.583376407623291	0.03417127579450607
-17.96761703491211	-3.667937755584717	0.03309370577335358
-17.89313507080078	-3.752749443054199	0.033829256892204285
-17.82512664794922	-3.8277950286865234	0.034293707460165024
-17.726152420043945	-3.9365315437316895	0.034342654049396515
-17.653486251831055	-4.01640510559082	0.034190643578767776
-17.580577850341797	-4.091076374053955	0.0342753566801548
-17.50290870666504	-4.165389537811279	0.034219905734062195
-17.423625946044922	-4.237964630126953	0.033142779022455215
-17.309127807617188	-4.324252605438232	0.03410385549068451
-17.220521926879883	-4.386397838592529	0.034342531114816666
-17.128314971923828	-4.442451477050781	0.03421907126903534
-17.035125732421875	-4.498960494995117	0.032962676137685776
-16.944835662841797	-4.553515911102295	0.03405227139592171
-16.855613708496094	-4.606973648071289	0.034372478723526
-16.748550415039062	-4.666261672973633	0.03425903618335724
-16.65851402282715	-4.71604585647583	0.03363494202494621
-16.53927993774414	-4.782120227813721	0.03289513662457466
-16.451740264892578	-4.830671310424805	0.03401599079370499
-16.363056182861328	-4.879207611083984	0.034454815089702606
-16.25731086730957	-4.929825782775879	0.0343894362449646
-16.162212371826172	-4.974887847900391	0.034294724464416504
-16.046043395996094	-5.027304649353027	0.03307308256626129
-15.945008277893066	-5.062360763549805	0.033989302814006805
-15.849985122680664	-5.094176292419434	0.034302376210689545
-15.705303192138672	-5.142438888549805	0.03297894448041916
-15.59770393371582	-5.17825984954834	0.03366178646683693
-15.467362403869629	-5.221665382385254	0.03439734876155853
-15.358878135681152	-5.251859664916992	0.03448578715324402
-15.254347801208496	-5.278975486755371	0.034379035234451294
-15.133764266967773	-5.308714866638184	0.0342969112098217
-15.030497550964355	-5.3319878578186035	0.03418345749378204
-14.916914939880371	-5.354836463928223	0.03412529081106186
-14.775903701782227	-5.3814849853515625	0.03393638879060745
-14.656915664672852	-5.394492149353027	0.03426658734679222
-14.53684139251709	-5.404740333557129	0.034207701683044434
-14.433541297912598	-5.41298770904541	0.034169502556324005
-14.318572998046875	-5.42101526260376	0.032954491674900055
-14.202655792236328	-5.429085731506348	0.03411697968840599
-14.061318397521973	-5.43396520614624	0.03425966203212738
-13.91176986694336	-5.4371747970581055	0.03416462615132332
-13.770597457885742	-5.440157890319824	0.033040113747119904
-13.665371894836426	-5.442381381988525	0.03409579023718834
-13.527257919311523	-5.445300579071045	0.03322155028581619
-13.421942710876465	-5.447526931762695	0.03354590758681297
-13.261279106140137	-5.45092248916626	0.03438035398721695
-13.146332740783691	-5.453352451324463	0.03443807736039162
-13.038755416870117	-5.455626964569092	0.03436867147684097
-12.935098648071289	-5.457818031311035	0.034280940890312195
-12.828965187072754	-5.459600925445557	0.034210000187158585
-12.728677749633789	-5.460822105407715	0.03414444625377655
-12.597432136535645	-5.462367057800293	0.03272121027112007
-12.4861478805542	-5.463736057281494	0.03396838158369064
-12.362129211425781	-5.465253829956055	0.0341692753136158
-12.261384963989258	-5.46457576751709	0.033980920910835266
-12.138312339782715	-5.461740970611572	0.03432745486497879
-12.023070335388184	-5.458803653717041	0.034299641847610474
-11.908524513244629	-5.4558610916137695	0.03334420174360275
-11.73890209197998	-5.451535224914551	0.03383363410830498
-11.631133079528809	-5.448787212371826	0.03432310000061989
-11.503809928894043	-5.452404022216797	0.0344044454395771
-11.39222526550293	-5.457923889160156	0.03429084271192551
-11.291439056396484	-5.463103294372559	0.033499281853437424
-11.189102172851562	-5.462713241577148	0.03367530554533005
-11.066495895385742	-5.45829963684082	0.034278251230716705
-10.965551376342773	-5.454343795776367	0.034311212599277496
-10.836881637573242	-5.449268817901611	0.0330379381775856
-10.730203628540039	-5.445080280303955	0.033761490136384964
-10.614994049072266	-5.440559387207031	0.03431383892893791
-10.512619972229004	-5.436542510986328	0.03438238054513931
-10.396306991577148	-5.433919429779053	0.034337062388658524
-10.289043426513672	-5.433413505554199	0.034221746027469635
-10.184484481811523	-5.432983875274658	0.03294776380062103
-10.075395584106445	-5.432694435119629	0.034029845148324966
-9.967859268188477	-5.4323906898498535	0.03429820388555527
-9.845025062561035	-5.4320454597473145	0.033603813499212265
-9.74154281616211	-5.4317522048950195	0.03315642103552818
-9.631675720214844	-5.431436061859131	0.03414290025830269
-9.477043151855469	-5.43099308013916	0.034387730062007904
-9.353758811950684	-5.430639266967773	0.03401381894946098
-9.247018814086914	-5.430332660675049	0.03426295891404152
-9.135608673095703	-5.430011749267578	0.03423834219574928
-9.031862258911133	-5.429714202880859	0.033538203686475754
-8.892210006713867	-5.429312705993652	0.03426429629325867
-8.778253555297852	-5.428985595703125	0.03384169936180115
-8.67556381225586	-5.428690433502197	0.032819025218486786
-8.541889190673828	-5.428305625915527	0.034069981426000595
-8.43252182006836	-5.42799186706543	0.03438923507928848
-8.324581146240234	-5.427681922912598	0.03373032808303833
-8.2244234085083	-5.427393913269043	0.03409326449036598
-8.101027488708496	-5.427039623260498	0.03436592221260071
-7.9954071044921875	-5.426736354827881	0.03433904051780701
-7.859836578369141	-5.426347732543945	0.03295259177684784
-7.739574432373047	-5.42600154876709	0.03398173302412033
-7.614927291870117	-5.425643444061279	0.034376028925180435
-7.511250972747803	-5.4253458976745605	0.03438039869070053
-7.394343376159668	-5.425009250640869	0.033282604068517685
-7.243799209594727	-5.424576282501221	0.03408399596810341
-7.125297546386719	-5.424235820770264	0.034373410046100616
-7.023787498474121	-5.423944473266602	0.03435876965522766
-6.859050750732422	-5.423471450805664	0.03303861618041992
-6.755352020263672	-5.423172950744629	0.03408806771039963
-6.624524116516113	-5.422796726226807	0.034403786063194275
-6.4941935539245605	-5.422422885894775	0.034366726875305176
-6.363924503326416	-5.422048568725586	0.033038463443517685
-6.240649700164795	-5.421693801879883	0.03417540341615677
-6.120883941650391	-5.42134952545166	0.034422047436237335
-6.01091194152832	-5.421034336090088	0.034397318959236145
-5.901760578155518	-5.420670509338379	0.03436712920665741
-5.790375709533691	-5.413959503173828	0.03421919792890549
-5.689675807952881	-5.405078887939453	0.032871268689632416
-5.578814506530762	-5.382901191711426	0.03393734619021416
-5.417628288269043	-5.347570896148682	0.034364551305770874
-5.293194770812988	-5.320084571838379	0.0333373099565506
-5.145461082458496	-5.2873969078063965	0.0336187519133091
-5.03926944732666	-5.263904571533203	0.03428695350885391
-4.913509368896484	-5.23598575592041	0.03453084081411362
-4.811293125152588	-5.210126876831055	0.03440231829881668
-4.714189529418945	-5.185485363006592	0.03435375913977623
-4.613867282867432	-5.156437873840332	0.03426240384578705
-4.510369300842285	-5.121895790100098	0.03414046764373779
-4.412274360656738	-5.083590030670166	0.03345291316509247
-4.30541467666626	-5.0348920822143555	0.03420186787843704
-4.206882476806641	-4.989421844482422	0.03425826132297516
-4.063632965087891	-4.923280239105225	0.03278639540076256
-3.9690849781036377	-4.8795976638793945	0.03393006697297096
-3.843508720397949	-4.821567535400391	0.03441154584288597
-3.7457847595214844	-4.776417255401611	0.03449011594057083
-3.655679225921631	-4.726348400115967	0.03440196067094803
-3.5599277019500732	-4.661192893981934	0.03423691540956497
-3.4542171955108643	-4.588076591491699	0.03281763195991516
-3.3589210510253906	-4.522061824798584	0.03338204324245453
-3.269472122192383	-4.460093975067139	0.03419872373342514
-3.172635078430176	-4.393009185791016	0.03442788124084473
-3.087740182876587	-4.334196090698242	0.03440770134329796
-3.0019748210906982	-4.274781227111816	0.03432578220963478
-2.9035794734954834	-4.197067737579346	0.033407799899578094
-2.8237075805664062	-4.12061882019043	0.03421414643526077
-2.7383623123168945	-4.037004470825195	0.03436043858528137
-2.6615304946899414	-3.9615819454193115	0.03430595621466637
-2.587655782699585	-3.888997793197632	0.033168237656354904
-2.508326530456543	-3.811150074005127	0.034150414168834686
-2.4264283180236816	-3.730781078338623	0.03431841731071472
-2.3452720642089844	-3.6511390209198	0.034266334027051926
-2.267284631729126	-3.574612617492676	0.03422839939594269
-2.196380376815796	-3.4963998794555664	0.03328781574964523
-2.1303398609161377	-3.4168834686279297	0.034151591360569
-2.0567831993103027	-3.327662467956543	0.034295789897441864
-1.9836599826812744	-3.2386953830718994	0.033406272530555725
-1.908197283744812	-3.1313843727111816	0.03378093242645264
-1.8400797843933105	-3.0253021717071533	0.034327432513237
-1.780909776687622	-2.932439088821411	0.03435836732387543
-1.7101831436157227	-2.8214433193206787	0.03349857032299042
-1.6508674621582031	-2.7282936573028564	0.03340281546115875
-1.584578037261963	-2.6241538524627686	0.03425093740224838
-1.521160364151001	-2.5124905109405518	0.03443312644958496
-1.4696478843688965	-2.413184642791748	0.034306179732084274
-1.4230629205703735	-2.322667360305786	0.03361671045422554
-1.3769385814666748	-2.2265267372131348	0.034137338399887085
-1.3313515186309814	-2.130458116531372	0.03423019126057625
-1.2818456888198853	-2.025969982147217	0.03325466439127922
-1.2409902811050415	-1.9299848079681396	0.03288973122835159
-1.1953909397125244	-1.8094630241394043	0.03416118770837784
-1.144782543182373	-1.674487829208374	0.0343979150056839
-1.1075409650802612	-1.5743353366851807	0.033212192356586456
-1.0724385976791382	-1.4536863565444946	0.03369155898690224
-1.0475976467132568	-1.3518301248550415	0.03430161997675896
-1.0198745727539062	-1.2349177598953247	0.03447415307164192
-0.9904195070266724	-1.1102432012557983	0.03346705809235573
-0.9692509174346924	-0.9905485510826111	0.03372558206319809
-0.9565579891204834	-0.8872126340866089	0.03430410102009773
-0.9439502954483032	-0.7749013900756836	0.034474585205316544
-0.9282993078231812	-0.6333515644073486	0.03442039340734482
-0.9141828417778015	-0.505965530872345	0.03363482281565666
-0.9056098461151123	-0.3987926244735718	0.03330476954579353
-0.9028450846672058	-0.2981906235218048	0.034142233431339264
-0.9004577398300171	-0.18862470984458923	0.03438825532793999
-0.8979489803314209	-0.06855199486017227	0.034364912658929825
-0.8955292701721191	0.04764343798160553	0.03427469730377197
-0.892978847026825	0.1703972965478897	0.033745549619197845
-0.8904817700386047	0.2897270619869232	0.03427763283252716
-0.8901813626289368	0.4140552580356598	0.034305837005376816
-0.8919134140014648	0.5239990949630737	0.034255798906087875
-0.8991238474845886	0.6344888210296631	0.03417446091771126
-0.9105364084243774	0.7416419386863708	0.033243872225284576
-0.9311277866363525	0.8590925335884094	0.034096576273441315
-0.9508076906204224	0.9634671807289124	0.034214187413454056
-0.9723993539810181	1.071406364440918	0.03409566357731819
-0.9975623488426208	1.1967556476593018	0.033486030995845795
-1.0206397771835327	1.2964829206466675	0.03424214944243431
-1.0467416048049927	1.3966424465179443	0.0342993438243866
-1.076819896697998	1.5104786157608032	0.03373688831925392
-1.1104191541671753	1.6375181674957275	0.03312457352876663
-1.1410861015319824	1.7534615993499756	0.0341762900352478
-1.1759382486343384	1.8601725101470947	0.03443187475204468
-1.2130876779556274	1.9613704681396484	0.034403130412101746
-1.2592018842697144	2.068047285079956	0.034240927547216415
-1.3019750118255615	2.165771007537842	0.03288785740733147
-1.3452048301696777	2.264908790588379	0.03391215577721596
-1.3891732692718506	2.3658359050750732	0.03437648341059685
-1.4410351514816284	2.4765117168426514	0.03431961312890053
-1.4939584732055664	2.579679250717163	0.03423374146223068
-1.5463180541992188	2.669354200363159	0.03416645899415016
-1.6027498245239258	2.7603695392608643	0.03410320729017258
-1.657124638557434	2.8447892665863037	0.03407703712582588
-1.7218250036239624	2.9418742656707764	0.03299478814005852
-1.7807443141937256	3.030550003051758	0.03409956023097038
-1.8363089561462402	3.1141250133514404	0.033210866153240204
-1.9235141277313232	3.245321750640869	0.032778967171907425
-1.981740117073059	3.329200267791748	0.034072693437337875
-2.075374126434326	3.440643310546875	0.034512702375650406
-2.150738000869751	3.5261991024017334	0.03451768681406975
-2.2328436374664307	3.6087875366210938	0.03446751832962036
-2.305893898010254	3.677915573120117	0.03328149393200874
-2.4064693450927734	3.772367477416992	0.03385845199227333
-2.486079454421997	3.847076416015625	0.03434029221534729
-2.57757830619812	3.9329357147216797	0.03441426903009415
-2.676351308822632	4.025616645812988	0.03342941030859947
-2.7506346702575684	4.095322608947754	0.034193430095911026
-2.8293275833129883	4.167827129364014	0.03443170338869095
-2.9164047241210938	4.245003700256348	0.034348513931035995
-3.0049262046813965	4.322887420654297	0.034302935004234314
-3.093557357788086	4.392012596130371	0.034168630838394165
-3.1910665035247803	4.4661712646484375	0.033175259828567505
-3.2903757095336914	4.534867763519287	0.03426633030176163
-3.392043352127075	4.595233917236328	0.03426021710038185
-3.4939873218536377	4.655136585235596	0.03418417274951935
-3.5982775688171387	4.715612888336182	0.033662740141153336
-3.689234495162964	4.767101287841797	0.03420266509056091
-3.7964067459106445	4.82751989364624	0.03422432392835617
-3.893310070037842	4.879901885986328	0.03321585804224014
-3.9927220344543457	4.9296488761901855	0.03416333347558975
-4.089559078216553	4.977900981903076	0.0343172624707222
-4.199524402618408	5.028099060058594	0.033062659204006195
-4.30196475982666	5.06013298034668	0.033928729593753815
-4.4029645919799805	5.089271068572998	0.03434561938047409
-4.5013580322265625	5.117236614227295	0.03440146893262863
-4.6050705909729	5.146686553955078	0.03433652222156525
-4.7112016677856445	5.176820755004883	0.03424883261322975
-4.815034866333008	5.206304550170898	0.033387839794158936
-4.9514617919921875	5.245035171508789	0.03397474065423012
-5.065391540527344	5.277378559112549	0.03429920971393585
-5.193472862243652	5.313594818115234	0.034313734620809555
-5.313229560852051	5.344967842102051	0.03417521342635155
-5.415249347686768	5.368712425231934	0.03412464261054993
-5.516911029815674	5.3850507736206055	0.03409677743911743
-5.619659423828125	5.395129680633545	0.03291056677699089
-5.735036373138428	5.4067230224609375	0.033729568123817444
-5.848077774047852	5.415679454803467	0.03427790105342865
-5.971494674682617	5.423171520233154	0.03424806892871857
-6.084386348724365	5.429897308349609	0.033380527049303055
-6.228425025939941	5.438370704650879	0.03399357199668884
-6.348099708557129	5.445406436920166	0.03430178761482239
-6.465340614318848	5.449217796325684	0.03427131474018097
-6.569790840148926	5.450821876525879	0.03423590213060379
-6.688569068908691	5.447856903076172	0.03363948315382004
-6.796369552612305	5.445351600646973	0.03412487357854843
-6.907801628112793	5.442755222320557	0.032905712723731995
-7.015042304992676	5.4402594566345215	0.03403463587164879
-7.131563186645508	5.43754768371582	0.034268248826265335
-7.271726131439209	5.4342851638793945	0.03291316702961922
-7.401427268981934	5.431265830993652	0.034054309129714966
-7.529481887817383	5.428286075592041	0.0343727171421051
-7.6488118171691895	5.427825927734375	0.03436240553855896
-7.758761405944824	5.429383754730225	0.03424569219350815
-7.884474754333496	5.431357383728027	0.03338747099041939
-7.986862659454346	5.432861804962158	0.034173376858234406
-8.096738815307617	5.434481143951416	0.034325506538152695
-8.2003812789917	5.43601655960083	0.0331951379776001
-8.304682731628418	5.437548637390137	0.034130509942770004
-8.43692684173584	5.439486503601074	0.034359779208898544
-8.54129409790039	5.441002368927002	0.033003177493810654
-8.642675399780273	5.442490100860596	0.03335990384221077
-8.764287948608398	5.444273948669434	0.03419620171189308
-8.930047035217285	5.446706295013428	0.03274114429950714
-9.076839447021484	5.448860168457031	0.03389223664999008
-9.198324203491211	5.450643062591553	0.03440416604280472
-9.308314323425293	5.452256202697754	0.03449571132659912
-9.465006828308105	5.454555511474609	0.03410595655441284
-9.57685661315918	5.453737258911133	0.03445703163743019
-9.697772979736328	5.449596881866455	0.034390706568956375
-9.808122634887695	5.445469379425049	0.034294966608285904
-9.923954963684082	5.441096305847168	0.033505234867334366
-10.038389205932617	5.436800479888916	0.03345401585102081
-10.168964385986328	5.431947231292725	0.03427242115139961
-10.281594276428223	5.427763938903809	0.034347888082265854
-10.38180160522461	5.424043655395508	0.03323984518647194
-10.513367652893066	5.419155120849609	0.03381543979048729
-10.632787704467773	5.414717674255371	0.03434460982680321
-10.77060317993164	5.415090560913086	0.034431859850883484
-10.880167007446289	5.420298099517822	0.03430170938372612
-10.99388313293457	5.426120281219482	0.034240491688251495
-11.104192733764648	5.426945209503174	0.03412080928683281
-11.23065185546875	5.427212238311768	0.03306269645690918
-11.355230331420898	5.427290916442871	0.03384143114089966
-11.481861114501953	5.427322864532471	0.03430675342679024
-11.615378379821777	5.427346229553223	0.033072810620069504
-11.731864929199219	5.427379131317139	0.034119609743356705
-11.851380348205566	5.427412033081055	0.03439471870660782
-11.95589542388916	5.427440643310547	0.0336630716919899
-12.092842102050781	5.427478790283203	0.03356537967920303
-12.219869613647461	5.427514553070068	0.0343114510178566
-12.323066711425781	5.427544116973877	0.03445213660597801
-12.43527603149414	5.427576065063477	0.03441585600376129
-12.572558403015137	5.427615165710449	0.03324868902564049
-12.672859191894531	5.427643299102783	0.03413643687963486
-12.805237770080566	5.4276814460754395	0.03441231697797775
-12.9615478515625	5.427724838256836	0.03301091864705086
-13.110036849975586	5.427766799926758	0.03396366909146309
-13.243550300598145	5.427804946899414	0.034442607313394547
-13.355743408203125	5.427836894989014	0.03449161350727081
-13.460071563720703	5.427866458892822	0.03390822932124138
-13.56231689453125	5.4278950691223145	0.034300483763217926
-13.66736125946045	5.427925109863281	0.034324243664741516
-13.776994705200195	5.427956581115723	0.03425312787294388
-13.889951705932617	5.427111625671387	0.034077879041433334
-13.995342254638672	5.4254655838012695	0.034179627895355225
-14.132651329040527	5.42169189453125	0.03287818282842636
-14.271119117736816	5.406632900238037	0.03414289280772209
-14.382051467895508	5.3938889503479	0.03431226685643196
-14.48668384552002	5.381826400756836	0.034268151968717575
-14.603096008300781	5.368315696716309	0.03319569304585457
-14.717510223388672	5.348574638366699	0.03395984694361687
-14.834155082702637	5.32595157623291	0.0343039333820343
-14.937301635742188	5.305742263793945	0.034286316484212875
-15.05907917022705	5.281847953796387	0.03367796167731285
-15.182621002197266	5.257669448852539	0.03428331017494202
-15.286694526672363	5.236258506774902	0.0343819335103035
-15.393392562866211	5.2089385986328125	0.034230489283800125
-15.490303039550781	5.1841959953308105	0.03308485448360443
-15.595921516418457	5.154200553894043	0.03279750049114227
-15.717995643615723	5.113175392150879	0.034118738025426865
-15.814499855041504	5.080343723297119	0.03439514338970184
-15.927209854125977	5.041934967041016	0.034401897341012955
-16.068056106567383	4.991260528564453	0.033037375658750534
-16.16952896118164	4.947459697723389	0.034066274762153625
-16.294416427612305	4.892904758453369	0.03441732004284859
-16.405366897583008	4.844313621520996	0.03439224138855934
-16.53583335876465	4.780284881591797	0.033518873155117035
-16.64086151123047	4.718454360961914	0.034272707998752594
-16.741531372070312	4.658247947692871	0.03439463675022125
-16.83634376525879	4.601480007171631	0.03433557227253914
-16.956871032714844	4.5287556648254395	0.03303053230047226
-17.045915603637695	4.46602201461792	0.033461250364780426
-17.145721435546875	4.390841484069824	0.03427458554506302
-17.234455108642578	4.3234357833862305	0.03443847596645355
-17.337371826171875	4.2452192306518555	0.03377552330493927
-17.418956756591797	4.182953834533691	0.033400390297174454
-17.5131778717041	4.108970642089844	0.0342458039522171
-17.613523483276367	4.029812812805176	0.034414224326610565
-17.693910598754883	3.966353178024292	0.03436587005853653
-17.792837142944336	3.8873608112335205	0.03308047726750374
-17.874286651611328	3.8163719177246094	0.03402029350399971
-17.966075897216797	3.7355308532714844	0.03435811400413513
-18.05122947692871	3.6596932411193848	0.034413665533065796
-18.123258590698242	3.5850319862365723	0.03426068648695946
-18.188840866088867	3.508352756500244	0.0341949388384819
-18.25339698791504	3.4266700744628906	0.033485352993011475
-18.31717872619629	3.345771551132202	0.03360338509082794
-18.402559280395508	3.2333054542541504	0.034322306513786316
-18.469207763671875	3.1351003646850586	0.03422053903341293
-18.529014587402344	3.0409467220306396	0.0341544933617115
-18.585834503173828	2.949634552001953	0.03337809070944786
-18.643814086914062	2.856100559234619	0.03417929261922836
-18.70402717590332	2.7536778450012207	0.03427944332361221
-18.75520896911621	2.664271831512451	0.03420359641313553
-18.80946159362793	2.569221019744873	0.03279921039938927
-18.860868453979492	2.4793732166290283	0.03379141539335251
-18.922868728637695	2.3615102767944336	0.03443124517798424
-18.964099884033203	2.2675061225891113	0.034346193075180054
-19.002283096313477	2.172909736633301	0.03427792340517044
-19.039188385009766	2.0770139694213867	0.03353295847773552
-19.076217651367188	1.980543851852417	0.03327973932027817
-19.12438201904297	1.8551995754241943	0.034244246780872345
-19.161418914794922	1.758810043334961	0.03433188050985336
-19.19525718688965	1.6638585329055786	0.034289609640836716
-19.23065185546875	1.5614933967590332	0.0341944694519043
-19.260465621948242	1.462036371231079	0.03395634889602661
-19.292449951171875	1.3513928651809692	0.0333646759390831
-19.32416534423828	1.2410567998886108	0.034195780754089355
-19.362091064453125	1.1090953350067139	0.03368976712226868
-19.390214920043945	1.0001814365386963	0.034155555069446564
-19.417884826660156	0.8700657486915588	0.03429204598069191
-19.436315536499023	0.762816846370697	0.03424820303916931
-19.446104049682617	0.6478203535079956	0.034141093492507935
-19.453237533569336	0.5376864671707153	0.03280869871377945
-19.461061477661133	0.4027984142303467	0.03423142805695534
-19.463422775268555	0.2972875237464905	0.034284353256225586
-19.463600158691406	0.1907382309436798	0.034268446266651154
-19.458389282226562	0.06947006285190582	0.03418361395597458
-19.450273513793945	-0.03687506914138794	0.03294137120246887
-19.441539764404297	-0.1538662314414978	0.03369203582406044
-19.433469772338867	-0.2619136869907379	0.03425578400492668
-19.42392921447754	-0.3757537305355072	0.03434165194630623
-19.412174224853516	-0.49568554759025574	0.03422778099775314
-19.40098762512207	-0.6084935665130615	0.03416747599840164
-19.388402938842773	-0.7078750729560852	0.034178297966718674
-19.372819900512695	-0.8195364475250244	0.034127723425626755
-19.357524871826172	-0.92381751537323	0.03406655788421631
-19.339441299438477	-1.0246684551239014	0.034105900675058365
-19.31903648376465	-1.1260828971862793	0.033182982355356216
-19.297876358032227	-1.2264782190322876	0.03409522771835327
-19.27157974243164	-1.325330138206482	0.034176722168922424
-19.241771697998047	-1.4273295402526855	0.03413599357008934
-19.2100830078125	-1.5317881107330322	0.03377692401409149
-19.17377281188965	-1.6508166790008545	0.034211479127407074
-19.13582992553711	-1.7752151489257812	0.03279117867350578
-19.105562210083008	-1.874395728111267	0.03391724079847336
-19.070568084716797	-1.9782018661499023	0.03446036949753761
-19.030941009521484	-2.078094482421875	0.03439002484083176
-18.978023529052734	-2.2065370082855225	0.034288033843040466
-18.918153762817383	-2.3468432426452637	0.03279552236199379
-18.86646270751953	-2.4674878120422363	0.034095291048288345
-18.81968879699707	-2.5655133724212646	0.03441931679844856
-18.75971221923828	-2.6767420768737793	0.034410618245601654
-18.694976806640625	-2.7786359786987305	0.03427249565720558
-18.63646697998047	-2.863839864730835	0.034154683351516724
-18.54676628112793	-2.99470853805542	0.033114999532699585
-18.487533569335938	-3.0811777114868164	0.034108467400074005
-18.424423217773438	-3.173307418823242	0.034329600632190704
-18.3570556640625	-3.265481948852539	0.034316450357437134
-18.292638778686523	-3.3489394187927246	0.034250132739543915
-18.220308303833008	-3.431779384613037	0.033336300402879715
-18.125957489013672	-3.5391807556152344	0.033859457820653915
-18.05495834350586	-3.617122173309326	0.0343625470995903
-17.975112915039062	-3.6965291500091553	0.034282125532627106
-17.902379989624023	-3.768603801727295	0.03348895162343979
-17.79062271118164	-3.879514217376709	0.03366418555378914
-17.683086395263672	-3.986297130584717	0.0343545563519001
-17.60900115966797	-4.059865474700928	0.03437374159693718
-17.535480499267578	-4.132874965667725	0.034302931278944016
-17.460582733154297	-4.205562591552734	0.03427676483988762
-17.38114356994629	-4.275093078613281	0.03415192663669586
-17.27510643005371	-4.363488674163818	0.032795317471027374
-17.197988510131836	-4.427706241607666	0.03347158059477806
-17.116445541381836	-4.493289470672607	0.03431812673807144
-17.018667221069336	-4.558300495147705	0.034354910254478455
-16.922943115234375	-4.61984395980835	0.03426704555749893
-16.82912254333496	-4.6735663414001465	0.034191571176052094
-16.73869514465332	-4.723788261413574	0.03412836045026779
-16.63850975036621	-4.77597713470459	0.034088555723428726
-16.537019729614258	-4.828550338745117	0.03284726291894913
-16.446353912353516	-4.875531196594238	0.034023866057395935
-16.34024429321289	-4.929221153259277	0.034290239214897156
-16.243967056274414	-4.972017765045166	0.03417893499135971
-16.147403717041016	-5.012622356414795	0.034129828214645386
-16.05218505859375	-5.0513997077941895	0.0333743616938591
-15.95113754272461	-5.092423439025879	0.03415333107113838
-15.847982406616211	-5.1322455406188965	0.034130025655031204
-15.752306938171387	-5.165356159210205	0.03412095084786415
-15.64172077178955	-5.200906276702881	0.03280286118388176
-15.538649559020996	-5.234227180480957	0.034098830074071884
-15.416383743286133	-5.268868923187256	0.034258414059877396
-15.305627822875977	-5.298645973205566	0.03420008718967438
-15.203110694885254	-5.320960521697998	0.03413303568959236
-15.098648071289062	-5.338027000427246	0.03408811613917351
-14.987051963806152	-5.3560285568237305	0.033828288316726685
-14.88338851928711	-5.371974945068359	0.03423389792442322
-14.773874282836914	-5.384527683258057	0.0341503880918026
-14.664722442626953	-5.397197723388672	0.03410728648304939
-14.553075790405273	-5.410051345825195	0.03408001363277435
-14.448814392089844	-5.418493270874023	0.03409818932414055
-14.341809272766113	-5.426514625549316	0.033159010112285614
-14.221427917480469	-5.4354658126831055	0.03334467485547066
-14.105563163757324	-5.444080352783203	0.03420156240463257
-13.99813175201416	-5.450773239135742	0.03434671834111214
-13.889501571655273	-5.456142425537109	0.034259114414453506
-13.78594970703125	-5.461020469665527	0.034232113510370255
-13.675106048583984	-5.459900379180908	0.03412611782550812
-13.573104858398438	-5.458714962005615	0.03293982520699501
-13.445789337158203	-5.4572248458862305	0.03405725210905075
-13.330307006835938	-5.455874443054199	0.03425139933824539
-13.174047470092773	-5.454046249389648	0.03332897275686264
-13.053638458251953	-5.45263671875	0.03421776741743088
-12.937823295593262	-5.452120780944824	0.03437018021941185
-12.8233003616333	-5.453560829162598	0.03426594287157059
-12.69729995727539	-5.4553375244140625	0.03319307044148445
-12.553985595703125	-5.457364082336426	0.03405579924583435
-12.439387321472168	-5.458984375	0.03430717810988426
-12.329123497009277	-5.456818103790283	0.034280356019735336
-12.223871231079102	-5.453513145446777	0.03419181704521179
-12.116313934326172	-5.45004415512085	0.03283398598432541
-12.003944396972656	-5.4464216232299805	0.0339740514755249
-11.884112358093262	-5.446681022644043	0.034343160688877106
-11.758532524108887	-5.44976806640625	0.03427054360508919
-11.65516471862793	-5.4523844718933105	0.03424470126628876
-11.543350219726562	-5.453399658203125	0.03413572162389755
-11.426071166992188	-5.454601764678955	0.03326275572180748
-11.305034637451172	-5.455836296081543	0.034198153764009476
-11.188639640808105	-5.457022190093994	0.034297093749046326
-11.052106857299805	-5.458413124084473	0.032932549715042114
-10.945594787597656	-5.459498882293701	0.03401821479201317
-10.839966773986816	-5.460575103759766	0.034358810633420944
-10.705974578857422	-5.461939811706543	0.0331755205988884
-10.5839262008667	-5.463183403015137	0.03401579707860947
-10.452295303344727	-5.464524745941162	0.03442096337676048
-10.33653450012207	-5.465704441070557	0.03442308306694031
-10.234014511108398	-5.4667487144470215	0.033255912363529205
-10.12701416015625	-5.467838764190674	0.034159570932388306
-9.99850082397461	-5.466455459594727	0.03441740572452545
-9.886002540588379	-5.463940143585205	0.03434526175260544
-9.768570899963379	-5.461195945739746	0.03424985706806183
-9.644615173339844	-5.4582905769348145	0.033065568655729294
-9.512639999389648	-5.455200672149658	0.03404892981052399
-9.410272598266602	-5.4528045654296875	0.034299079328775406
-9.302400588989258	-5.450279235839844	0.03428038954734802
-9.186872482299805	-5.447574138641357	0.03420500457286835
-9.08375072479248	-5.445159912109375	0.03310171514749527
-8.950681686401367	-5.442044734954834	0.034207310527563095
-8.837129592895508	-5.442752361297607	0.03433956205844879
-8.736376762390137	-5.446401119232178	0.034238364547491074
-8.636151313781738	-5.449322700500488	0.03419890254735947
-8.522773742675781	-5.4511847496032715	0.033467769622802734
-8.396512985229492	-5.453230857849121	0.033649150282144547
-8.289352416992188	-5.455000400543213	0.03423352912068367
-8.172435760498047	-5.456933975219727	0.033209752291440964
-8.036603927612305	-5.459168434143066	0.03384657949209213
-7.927770614624023	-5.460957050323486	0.03433544561266899
-7.815910339355469	-5.462795257568359	0.03441552817821503
-7.7046098709106445	-5.460963249206543	0.03436967357993126
-7.599545001983643	-5.45731258392334	0.03425082191824913
-7.4981184005737305	-5.453701019287109	0.03422185406088829
-7.390655517578125	-5.451544284820557	0.03412431478500366
-7.281518936157227	-5.449209690093994	0.03319672495126724
-7.158082008361816	-5.446572303771973	0.03409780561923981
-7.048929691314697	-5.444241523742676	0.03419165313243866
-6.93730354309082	-5.441857814788818	0.03309699892997742
-6.8068013191223145	-5.439070224761963	0.034199442714452744
-6.694653034210205	-5.436674118041992	0.03430783376097679
-6.594552040100098	-5.436643600463867	0.03425208479166031
-6.486618518829346	-5.436744689941406	0.0341750830411911
-6.3545355796813965	-5.436898708343506	0.03359450772404671
-6.251335144042969	-5.437020778656006	0.034215591847896576
-6.143604278564453	-5.437148571014404	0.03428845852613449
-6.043374061584473	-5.4372687339782715	0.03423425182700157
-5.941040992736816	-5.43739128112793	0.03417227417230606
-5.835756301879883	-5.437517166137695	0.03339417278766632
-5.726122856140137	-5.437646865844727	0.034125182777643204
-5.6137166023254395	-5.437780857086182	0.03313551843166351
-5.488862037658691	-5.437930107116699	0.033552706241607666
-5.332200050354004	-5.438116550445557	0.03433838114142418
-5.201292991638184	-5.438272476196289	0.03434213623404503
-5.09402322769165	-5.4384002685546875	0.034263622015714645
-4.986912250518799	-5.438528060913086	0.034190285950899124
-4.879854202270508	-5.438655853271484	0.03413606062531471
-4.77977991104126	-5.438764572143555	0.034037306904792786
-4.678534030914307	-5.438879013061523	0.032643672078847885
-4.5778985023498535	-5.438998699188232	0.0339648611843586
-4.424389362335205	-5.439181327819824	0.03330838307738304
-4.295262336730957	-5.439335346221924	0.033907368779182434
-4.184962749481201	-5.439467430114746	0.03434143587946892
-4.048759460449219	-5.439629554748535	0.03436974808573723
-3.9305315017700195	-5.439770698547363	0.03309568390250206
-3.819572687149048	-5.439903736114502	0.033503077924251556
-3.666644334793091	-5.440086364746094	0.03436120226979256
-3.558223009109497	-5.4382171630859375	0.03449185937643051
-3.443211317062378	-5.433101654052734	0.03437104821205139
-3.329792022705078	-5.4277753829956055	0.03430302441120148
-3.220287322998047	-5.424758434295654	0.03418474271893501
-3.0955543518066406	-5.421233177185059	0.033098235726356506
-2.9772119522094727	-5.417932510375977	0.03416796028614044
-2.8645083904266357	-5.4173970222473145	0.034221477806568146
-2.7602181434631348	-5.4168381690979	0.03416958823800087
-2.651582717895508	-5.416269302368164	0.033363260328769684
-2.5468480587005615	-5.415718078613281	0.034150149673223495
-2.4239749908447266	-5.415071487426758	0.0340278297662735
-2.253537178039551	-5.4141740798950195	0.033793482929468155
-2.1348178386688232	-5.413548469543457	0.03431693837046623
-2.0268733501434326	-5.412980079650879	0.03435502201318741
-1.8920683860778809	-5.412270545959473	0.03353305906057358
-1.7622053623199463	-5.411586761474609	0.03430027887225151
-1.6463395357131958	-5.410976886749268	0.03440201282501221
-1.5288697481155396	-5.410358905792236	0.03307643532752991
-1.4093204736709595	-5.40972900390625	0.034101877361536026
-1.3049060106277466	-5.409179210662842	0.03439461439847946
-1.1912330389022827	-5.408580780029297	0.0344090536236763
-1.076185703277588	-5.407974720001221	0.03308587148785591
-0.960957407951355	-5.407367706298828	0.033560946583747864
-0.8575260639190674	-5.40682315826416	0.03424274921417236
-0.755135715007782	-5.406284332275391	0.03445657715201378
-0.6081660985946655	-5.405510902404785	0.034433260560035706
-0.5009364485740662	-5.404946327209473	0.03434256464242935
-0.36910927295684814	-5.4042510986328125	0.03423396125435829
-0.26344701647758484	-5.403695583343506	0.03416772186756134
-0.16241005063056946	-5.403163433074951	0.032722827047109604
0.0037170497234910727	-5.402288436889648	0.033997129648923874
0.1290602684020996	-5.405224323272705	0.034410301595926285
0.25367438793182373	-5.409141540527344	0.03437896445393562
0.379718154668808	-5.413211822509766	0.03427756950259209
0.4833992123603821	-5.416561126708984	0.03387555107474327
0.595225989818573	-5.419864177703857	0.034205351024866104
0.6990894079208374	-5.421322345733643	0.0341557040810585
0.8117016553878784	-5.422946929931641	0.03288215026259422
0.9522267580032349	-5.424964427947998	0.034065790474414825
1.077492117881775	-5.426762580871582	0.03354301676154137
1.1947301626205444	-5.428445339202881	0.03342686593532562
1.3237272500991821	-5.430297374725342	0.03427227959036827
1.4381115436553955	-5.431939125061035	0.03443140536546707
1.551924467086792	-5.433573246002197	0.033539023250341415
1.6731096506118774	-5.4353132247924805	0.03424445539712906
1.8045315742492676	-5.437199592590332	0.03435409814119339
1.9072405099868774	-5.438674449920654	0.033424269407987595
2.016017198562622	-5.440236568450928	0.03299149498343468
2.1263861656188965	-5.441821098327637	0.03410518169403076
2.230588674545288	-5.443317413330078	0.0344029925763607
2.3502883911132812	-5.445035934448242	0.03442034125328064
2.464958906173706	-5.446681976318359	0.03433452546596527
2.568476915359497	-5.447126388549805	0.0342492014169693
2.6703710556030273	-5.447416305541992	0.03417673707008362
2.7811262607574463	-5.447761058807373	0.03293566033244133
2.9232230186462402	-5.448131561279297	0.03419100493192673
3.0314557552337646	-5.448407173156738	0.03428204357624054
3.142482280731201	-5.447934627532959	0.03427952527999878
3.2528069019317627	-5.442235946655273	0.034151721745729446
3.3738605976104736	-5.436127662658691	0.032639432698488235
3.4855782985687256	-5.430492877960205	0.03376436233520508
3.609851360321045	-5.426052570343018	0.03445671498775482
3.725766658782959	-5.427769184112549	0.03439638018608093
3.8286662101745605	-5.429601192474365	0.03431050479412079
3.929671287536621	-5.431447982788086	0.03423061966896057
4.030020236968994	-5.431633949279785	0.03416617587208748
4.1406331062316895	-5.431765079498291	0.034114640206098557
4.244082927703857	-5.431878089904785	0.032879509031772614
4.35136604309082	-5.4319963455200195	0.034025125205516815
4.468380451202393	-5.432125091552734	0.03424888849258423
4.571139335632324	-5.432238578796387	0.03421059623360634
4.681506156921387	-5.4323601722717285	0.03415163606405258
4.786768913269043	-5.432476043701172	0.03411034494638443
